-852.5016,-188.67099,823.19147
-605.0278,413.88382,950.0745
-750.20526,504.4343,789.1376
-747.58,502.6691,792.7471
-772.6388,493.0159,774.57385
-791.42706,474.3636,767.21735
-799.07404,415.97208,792.7471
-778.02356,393.2215,824.65515
-810.8922,362.09338,807.05774
-763.7977,270.16293,885.22595
-767.1239,281.74048,878.71686
-770.2323,293.41782,872.1514
-776.7273,295.89203,865.5303
-778.2993,310.8385,858.8537
-785.80475,328.50827,845.3362
-795.1064,332.39688,835.0558
-760.50116,279.30817,885.22595
-754.7637,294.4602,885.22595
-751.17615,303.4953,885.22595
-748.72437,309.4945,885.22595
-755.24457,312.1897,878.71686
-752.7231,318.22116,878.71686
-760.2992,335.86084,865.5303
-756.21454,344.95938,865.5303
-753.43085,350.99756,865.5303
-749.1651,360.01257,865.5303
-755.38165,362.99997,858.8537
-764.6156,367.43738,848.73596
-761.65186,373.54202,848.73596
-758.63947,379.62277,848.73596
-754.0298,388.69824,848.73596
-749.3116,397.71774,848.73596
-755.28455,400.88806,841.9228
-758.4672,394.8335,841.9228
-761.6014,388.75363,841.9228
-767.7232,376.51962,841.9228
-767.57556,391.8031,835.0558
-762.8191,400.9849,835.0558
-759.5871,407.0741,835.0558
-754.64795,416.15897,835.0558
-747.8937,428.17868,835.0558
-753.66675,431.48386,828.1353
-746.66736,443.48593,828.1353
-762.1445,416.32632,828.1353
-767.0851,407.15152,828.1353
-772.9119,410.2443,821.16187
-767.93384,419.4888,821.16187
-762.8452,428.67294,821.16187
-757.6467,437.79535,821.16187
-754.12036,443.842,821.16187
-748.7405,452.85858,821.16187
-758.26154,430.09674,824.65515
-759.97577,427.0605,824.65515
-761.6778,424.0174,824.65515
-758.78973,422.40967,828.1353
-788.4074,322.21185,845.3362
-858.52185,239.43497,803.4993
-953.57043,652.31287,324.33182
-945.6748,663.70764,324.33182
-940.3353,671.25116,324.33182
-950.9538,656.12164,324.33182
-948.7879,654.62726,333.5634
-943.521,662.196,333.5634
-938.19366,669.72235,333.5634
-946.87244,647.73096,351.9619
-952.02356,640.1359,351.9619
-949.6567,638.54443,361.12766
-939.6291,642.77594,379.38928
-924.8842,671.4545,365.70193
-922.48737,669.7144,374.8328
-914.9431,664.2374,402.07922
-910.9731,661.3552,415.61655
-908.2535,659.38086,424.60834
-904.0653,656.3403,438.0449
-902.64026,655.3057,442.5098
-899.7469,653.20514,451.41837
-896.79596,651.0628,460.298
-893.7876,648.8788,469.14822
-898.94965,641.7083,469.14822
-900.46967,642.79333,464.72684
-903.46655,644.9327,455.86182
-906.40564,647.0307,446.96765
-906.40564,647.0307,446.96765
-910.70544,650.1001,433.57294
-914.87415,653.07587,420.1158
-916.2344,654.0469,415.61655
-918.9111,655.9576,406.5982
-922.4093,636.42706,429.0941
-932.4729,621.5888,429.0941
-939.86414,610.3554,429.0941
-944.11444,613.1156,415.61655
-951.7611,607.31274,406.5982
-961.7116,597.54645,397.5538
-970.7032,576.5529,406.5982
-987.2931,575.7729,365.70193
-1000.23206,583.31866,315.0795
-960.3704,580.8581,424.60834
-955.9419,578.1796,438.0449
-960.5364,570.5143,438.0449
-964.24786,557.1769,446.96765
-947.51776,578.27325,455.86182
-944.37476,576.35504,464.72684
-948.955,568.7823,464.72684
-944.10394,565.87463,477.96838
-940.79425,563.8909,486.758
-935.6108,576.155,482.36703
-934.21155,585.6517,473.5621
-938.9587,588.6276,460.298
-942.04834,590.5645,451.41837
-946.56976,593.399,438.0449
-950.9549,596.148,424.60834
-953.8023,597.93304,415.61655
-959.96265,591.15106,411.11066
-949.7868,584.8847,442.5098
-955.21063,572.53174,446.96765
-955.1096,582.90656,433.57294
-958.0395,584.6947,424.60834
-940.30817,600.0047,442.5098
-933.3688,600.8434,455.86182
-919.01917,612.6205,469.14822
-915.86707,610.5193,477.96838
-906.142,614.5625,491.14114
-901.1996,611.21045,504.24316
-897.83246,608.92676,512.9376
-895.7312,597.0967,530.22754
-906.94495,583.8334,525.91766
-915.6599,574.0218,521.5993
-924.255,564.07587,517.2726
-933.9945,559.8153,504.24316
-940.6444,548.5681,504.24316
-944.0987,550.58264,495.51645
-954.05444,541.15326,486.758
-961.7242,535.381,477.96838
-965.97614,527.6707,477.96838
-960.8735,524.8833,491.14114
-956.644,532.5529,491.14114
-951.42615,529.64813,504.24316
-945.0025,541.02606,504.24316
-941.47174,539.00464,512.9376
-937.8807,536.94867,521.5993
-933.55536,544.43396,521.5993
-925.5534,549.736,530.22754
-917.07294,559.6927,534.52905
-908.9054,564.736,543.1062
-902.06384,575.6012,543.1062
-915.13794,499.9,593.8203
-923.26495,494.7915,585.45984
-931.3092,489.55368,577.0619
-937.1163,478.34384,577.0619
-945.0106,472.8828,568.627
-952.8168,467.2963,560.1557
-956.32434,454.86398,564.3959
-963.7557,444.29797,560.1557
-969.01733,432.7021,560.1557
-973.74786,416.26022,564.3959
-864.28564,-38.05367,831.6022
-871.4059,-24.405636,824.65515
-878.204,-14.051864,817.6554
-884.80066,-7.077621,810.6033
-891.2565,7.1320815,803.4993
-897.5043,17.953588,796.34393
-903.30225,36.15118,789.1376
-912.377,43.827038,778.2335
-921.04095,55.32733,767.21735
-923.3641,66.594986,763.5207
-928.5551,78.17942,756.0908
-933.54095,89.892235,748.6125
-937.90436,105.481575,741.08636
-939.0293,120.85022,737.3054
-936.9757,135.8575,737.3054
-931.7635,150.35898,741.08636
-928.5704,168.96158,741.08636
-925.7485,183.79536,741.08636
-920.2405,209.63904,741.08636
-923.47656,194.89006,741.08636
-914.945,231.66072,741.08636
-911.1217,246.2685,741.08636
-907.0653,260.81326,741.08636
-902.7767,275.29126,741.08636
-899.4085,286.10373,741.08636
-895.9109,296.87497,741.08636
-892.28424,307.60352,741.08636
-895.35547,316.69812,733.5127
-899.091,305.9321,733.5127
-902.69714,295.122,733.5127
-906.1733,284.26947,733.5127
-909.5189,273.37595,733.5127
-913.77606,258.79034,733.5127
-916.8154,247.80745,733.5127
-919.72284,236.7889,733.5127
-923.3933,222.04472,733.5127
-925.99115,210.94908,733.5127
-928.4556,199.82307,733.5127
-930.78644,188.6683,733.5127
-932.9832,177.48636,733.5127
-935.04565,166.27887,733.5127
-936.9735,155.04742,733.5127
-938.7665,143.79367,733.5127
-891.2208,-10.692688,803.4993
-903.9603,-10.845534,789.1376
-916.4685,-10.995604,774.57385
-931.77344,-11.17923,756.0908
-943.7494,-11.322914,741.08636
-943.7494,-11.322914,741.08636
-958.3792,-11.498441,722.0644
-966.9736,-11.601554,710.51215
-978.21594,-11.736438,694.9503
-989.2078,-11.868316,679.2106
-997.28577,-11.965234,667.2915
-1013.00977,-12.153887,643.1668
-1020.65356,-12.245596,630.9647
-1028.1504,-12.335541,618.6717
-1035.4991,-12.42371,606.2897
-1005.16376,-16.08139,655.2763
-1010.2111,-24.247482,647.2137
-1017.5355,-36.645424,635.04224
-1026.8346,-53.44264,618.6717
-1033.9503,-57.96107,606.2897
-1038.7596,-58.230675,597.9864
-1045.3462,-66.993286,585.45984
-1049.4146,-75.68871,577.0619
-1055.2549,-88.85111,564.3959
-1061.9271,-89.4129,551.6486
-1065.6963,-68.29746,547.3818
-1072.9215,-55.841278,534.52905
-1077.7524,-43.131516,525.91766
-1082.3633,-30.311893,517.2726
-1086.6735,-21.733755,508.59445
-1086.8822,-4.344127,508.59445
-1086.7517,17.393244,508.59445
-1084.935,65.1746,508.59445
-1086.1865,39.121777,508.59445
-1086.3344,34.777042,508.59445
-1086.4648,30.431753,508.59445
-1085.8389,47.809296,508.59445
-1085.6389,52.15194,508.59445
-1082.3407,73.71246,512.9376
-1076.8997,90.6713,521.5993
-1074.0538,99.09044,525.91766
-1069.0066,107.255554,534.52905
-1063.8293,115.33888,543.1062
-1058.5233,123.33834,551.6486
-1056.4147,140.25697,551.6486
-1050.8555,148.0826,560.1557
-1045.1718,155.81827,568.627
-1036.416,167.24881,581.2655
-1027.3885,178.46599,593.8203
-1022.0606,194.43405,597.9864
-1018.11835,202.13623,602.1428
-1013.2938,188.5699,614.55414
-1005.97144,187.20723,626.877
-998.5042,185.81761,639.1096
-988.32434,183.92319,655.2763
-980.52344,182.47145,667.2915
-972.58124,180.99344,679.2106
-967.2086,179.99362,687.1024
-959.03375,178.4723,698.85754
-953.50696,177.4438,706.63855
-947.91925,176.40395,714.3743
-942.2708,175.3528,722.0644
-937.99554,182.33221,725.8921
-940.11584,171.06421,725.8921
-942.7322,156.00221,725.8921
-943.94995,148.45598,725.8921
-945.66327,137.11899,725.8921
-946.72986,129.54993,725.8921
-948.2162,118.18093,725.8921
-949.566,106.79493,725.8921
-950.779,95.393555,725.8921
-951.85516,83.97844,725.8921
-952.7943,72.55123,725.8921
-953.59625,61.113583,725.8921
-954.2609,49.66713,725.8921
-954.6276,42.03209,725.8921
-955.0633,30.574636,725.8921
-955.3614,19.112782,725.8921
-955.3614,19.112782,725.8921
-955.522,7.648174,725.8921
-955.5449,-3.8173666,725.8921
-964.1859,-3.851887,714.3743
-964.16266,7.719175,714.3743
-964.0007,19.287457,714.3743
-963.81555,26.998203,714.3743
-963.5687,34.707222,714.3743
-963.08295,46.266434,714.3743
-962.45844,57.81898,714.3743
-961.69543,69.36321,714.3743
-960.7939,80.897446,714.3743
-959.7541,92.42004,714.3743
-958.57605,103.92932,714.3743
-957.25995,115.423645,714.3743
-955.80615,126.901344,714.3743
-954.76044,134.5431,714.3743
-953.07733,145.98943,714.3743
-951.879,153.60873,714.3743
-949.96735,165.01913,714.3743
-944.3067,164.03583,722.0644
-955.5672,165.99188,706.63855
-956.8644,158.34267,706.63855
-958.1004,150.68332,706.63855
-959.8395,139.17638,706.63855
-961.44037,127.6494,706.63855
-962.43066,119.95442,706.63855
-963.8007,108.397736,706.63855
-965.032,96.82544,706.63855
-965.77563,89.10273,706.63855
-965.77563,89.10273,706.63855
-966.77527,77.508125,706.63855
-967.6356,65.90236,706.63855
-968.35675,54.287106,706.63855
-968.9384,42.664043,706.63855
-969.2487,34.91181,706.63855
-969.5978,23.279436,706.63855
-969.8074,11.643709,706.63855
-969.87726,0.0063050506,706.63855
-975.4989,0.006341596,698.85754
-975.4676,7.8096833,698.85754
-975.3037,19.513605,698.85754
-975.11646,27.31476,698.85754
-974.8667,35.11417,698.85754
-974.3752,46.808914,698.85754
-973.50165,62.39113,698.85754
-972.97144,70.1765,698.85754
-972.0593,81.84598,698.85754
-971.37354,89.61919,698.85754
-970.2282,101.2681,698.85754
-969.38715,109.02604,698.85754
-968.48395,116.777,698.85754
-968.00916,120.649704,698.85754
-967.0131,128.38928,698.85754
-965.40295,139.98308,698.85754
-963.6538,151.55672,698.85754
-962.41064,159.26045,698.85754
-961.1059,166.95401,698.85754
-966.583,167.90544,691.03186
-968.5281,156.29547,691.03186
-969.7473,148.5429,691.03186
-970.9046,140.7808,691.03186
-972.52386,129.12094,691.03186
-974.0031,117.44249,691.03186
-975.3422,105.74712,691.03186
-976.54083,94.03653,691.03186
-976.54083,94.03653,691.03186
-977.2618,86.22184,691.03186
-978.226,74.489624,691.03186
-979.0494,62.74668,691.03186
-979.52,54.91293,691.03186
-980.1084,43.155876,691.03186
-980.42224,35.314278,691.03186
-980.7754,23.547802,691.03186
-980.98737,11.777939,691.03186
-981.05804,0.0063777356,691.03186
-986.55444,0.0064134668,683.162
-986.5228,7.8981924,683.162
-986.35706,19.734756,683.162
-986.04926,31.56848,683.162
-985.5995,43.397655,683.162
-985.22076,51.280407,683.162
-984.53455,63.09822,683.162
-983.70654,74.90695,683.162
-983.07587,82.77355,683.162
-982.01196,94.56337,683.162
-981.22406,102.41579,683.162
-979.92456,114.18197,683.162
-978.484,125.93171,683.162
-976.90247,137.66333,683.162
-974.57513,153.27435,683.162
-973.3178,161.06538,683.162
-971.9983,168.84613,683.162
-977.35144,169.77602,675.24835
-975.96204,177.58875,675.24835
-979.3182,158.03671,675.24835
-981.1439,146.27466,675.24835
-982.8284,134.49153,675.24835
-984.3714,122.68905,675.24835
-985.32135,114.81081,675.24835
-987.032,99.03279,675.24835
-988.14923,87.18242,675.24835
-988.815,79.27509,675.24835
-989.695,67.40475,675.24835
-990.43256,55.5247,675.24835
-990.84503,47.600124,675.24835
-991.0275,43.63666,675.24835
-991.34485,35.707703,675.24835
-991.7019,23.81014,675.24835
-996.2087,47.85779,667.2915
-995.56274,59.807697,667.2915
-995.0524,67.76962,667.2915
-995.79395,55.825264,667.2915
-994.47845,75.72721,667.2915
-993.4982,87.65435,667.2915
-994.16766,79.70422,667.2915
-992.7653,95.59888,667.2915
-992.375,99.56887,667.2915
-991.96875,103.53728,667.2915
-991.1088,111.469055,667.2915
-990.1854,119.3937,667.2915
-989.1987,127.31071,667.2915
-988.1486,135.21956,667.2915
-987.5999,139.17078,667.2915
-986.4551,147.06647,667.2915
-984.6194,158.8922,667.2915
-983.976,162.82912,667.2915
-981.9514,174.62396,667.2915
-985.73956,183.44409,659.29193
-987.8697,171.60315,659.29193
-989.8576,159.7375,659.29193
-991.1037,151.8142,659.29193
-992.28644,143.88116,659.29193
-993.40564,135.93892,659.29193
-994.9652,124.00943,659.29193
-997.6544,100.09858,659.29193
-998.0469,96.10746,659.29193
-998.4232,92.11481,659.29193
-999.1282,84.12513,659.29193
-999.7691,76.13008,659.29193
-1000.3461,68.13016,659.29193
-1000.85913,60.125874,659.29193
-1001.3081,52.117744,659.29193
-1006.5428,52.39021,651.25024
-1006.09155,60.44021,651.25024
-1005.84174,64.46378,651.25024
-1005.2939,72.50779,651.25024
-1004.3515,84.564926,651.25024
-1003.6429,92.59637,651.25024
-1002.4596,104.632256,651.25024
-1001.13196,116.653076,651.25024
-1000.1668,124.65774,651.25024
-999.13763,132.65442,651.25024
-998.0445,140.64262,651.25024
-996.8876,148.6218,651.25024
-995.0325,160.5726,651.25024
-993.7161,168.52705,651.25024
-991.6225,180.43837,651.25024
-997.4336,177.37721,643.1668
-998.1351,173.38637,643.1668
-999.4901,165.3964,643.1668
-1000.7812,157.39586,643.1668
-1002.00824,149.38522,643.1668
-1003.17114,141.36505,643.1668
-1004.2699,133.33583,643.1668
-1004.79517,129.31798,643.1668
-1005.7974,121.27615,643.1668
-1006.2745,117.25229,643.1668
-1006.7354,113.22656,643.1668
-1007.6089,105.16972,643.1668
-1008.418,97.106155,643.1668
-1009.1625,89.03638,643.1668
-1009.84247,80.9609,643.1668
-1010.45776,72.88024,643.1668
-1011.0084,64.794914,643.1668
-1011.2595,60.75067,643.1668
-1016.5989,56.99161,635.04224
-1016.1105,65.1219,635.04224
-1015.84186,69.18552,635.04224
-1015.2559,77.309364,635.04224
-1014.605,85.42826,635.04224
-1013.88916,93.541695,635.04224
-1013.10846,101.64915,635.04224
-1012.26294,109.750084,635.04224
-1011.3526,117.844,635.04224
-1009.86584,129.97058,635.04224
-1008.2336,142.07845,635.04224
-1007.0649,150.1391,635.04224
-1005.8316,158.19014,635.04224
-1004.534,166.23106,635.04224
-1003.1721,174.26135,635.04224
-1008.145,175.1252,626.877
-1009.5137,167.0551,626.877
-1010.17377,163.016,626.877
-1012.05707,150.88336,626.877
-1012.6524,146.83423,626.877
-1013.7946,138.72897,626.877
-1014.87195,130.61487,626.877
-1015.8842,122.492386,626.877
-1016.8316,114.36207,626.877
-1017.71387,106.224434,626.877
-1018.53107,98.08,626.877
-1019.283,89.92929,626.877
-1019.6346,85.851746,626.877
-1019.96985,81.77283,626.877
-1020.5913,73.61113,626.877
-1021.14746,65.444725,626.877
-1021.85925,53.187424,626.877
-1025.7416,0.0066682175,622.7793
-1025.6676,12.31438,622.7793
-1025.5364,20.518644,622.7793
-1025.2163,32.82242,622.7793
-1024.921,41.022415,622.7793
-1012.34143,180.02832,618.6717
-1013.0534,175.97783,618.6717
-1014.42865,167.86844,618.6717
-1015.7391,159.74832,618.6717
-1016.98444,151.61797,618.6717
-1018.16473,143.47792,618.6717
-1019.2799,135.32869,618.6717
-1020.83026,123.08877,618.6717
-1021.31445,119.00477,618.6717
-1022.6688,106.74161,618.6717
-1023.876,94.46308,618.6717
-1024.9358,82.17096,618.6717
-1025.8479,69.867,618.6717
-1025.8479,69.867,618.6717
-1026.6124,57.55298,618.6717
-1027.0399,49.338924,618.6717
-1022.4476,148.25652,610.42676
-1024.153,135.97766,610.42676
-1025.7108,123.67922,610.42676
-1026.1971,119.57569,610.42676
-1027.5581,107.253914,610.42676
-1028.771,94.91668,610.42676
-1029.1425,90.80115,610.42676
-1030.1578,78.44609,610.42676
-1030.4634,74.32514,610.42676
-1031.281,61.95542,610.42676
-1031.9502,49.576782,610.42676
-1032.1403,45.4489,610.42676
-1032.4707,37.19101,610.42676
-1032.8427,24.799877,610.42676
-1033.008,16.53703,610.42676
-1033.008,16.53703,610.42676
-1033.1321,4.1409373,610.42676
-1033.1321,-4.1233835,610.42676
-1028.2162,-4.103763,618.6717
-1030.6575,8.25547,614.55414
-1037.8573,16.61664,602.1428
-1037.5833,29.06853,602.1428
-1037.5833,29.06853,602.1428
-1037.1598,41.516235,602.1428
-1036.587,53.957962,602.1428
-1035.8649,66.39192,602.1428
-1035.3007,74.67603,602.1428
-1034.6702,82.95535,602.1428
-1033.6003,95.36423,602.1428
-1033.2107,99.49755,602.1428
-1031.9424,111.887726,602.1428
-1031.0144,120.139,602.1428
-1029.4985,132.50133,602.1428
-1032.4492,162.38043,589.64484
-1030.4265,174.75693,589.64484
-1033.0905,158.24963,589.64484
-1033.7152,154.11632,589.64484
-1038.3473,154.80692,581.2655
-1039.5525,146.49588,581.2655
-1041.2354,134.01192,581.2655
-1043.533,134.30762,577.0619
-1045.8138,134.60118,572.84906
-1050.3253,135.18184,564.3959
-1054.7695,135.75381,555.9066
-1052.0056,139.67773,560.1557
-1047.5299,139.0835,568.627
-1042.9874,138.48038,577.0619
-1044.1235,147.14005,572.84906
-1055.8218,127.31202,555.9066
-1051.3732,126.7756,564.3959
-1044.574,125.95575,577.0619
-1045.5481,117.595825,577.0619
-1050.1018,118.107994,568.627
-1052.3536,118.36126,564.3959
-1056.8064,118.862076,555.9066
-1059.9264,110.63447,551.6486
-1055.5035,110.172806,560.1557
-1048.7427,109.46711,572.84906
-1051.0131,109.704094,568.627
-1049.5847,101.07436,572.84906
-1051.8569,101.29318,568.627
-1054.1125,101.51039,564.3959
-1056.3511,101.72596,560.1557
-1056.3511,101.72596,560.1557
-1060.7775,102.15222,551.6486
-1065.1361,102.57195,543.1062
-1069.8297,98.7069,534.52905
-1063.3661,98.11054,547.3818
-1061.1775,97.908615,551.6486
-1057.131,93.2726,560.1557
-1052.6335,92.875786,568.627
-1050.3596,92.675156,572.84906
-1051.0674,84.27001,572.84906
-1055.6016,84.633545,564.3959
-1060.068,84.991646,555.9066
-1062.2759,85.16866,551.6486
-1064.4668,85.344315,547.3818
-1068.7974,85.69153,538.8219
-1073.0597,86.03326,530.22754
-1068.446,89.96571,538.8219
-1077.59,82.0601,521.5993
-1071.272,81.57897,534.52905
-1064.7997,81.08609,547.3818
-1060.3995,80.751015,555.9066
-1058.1741,80.58154,560.1557
-1053.6722,80.238716,568.627
-1054.5591,67.590096,568.627
-1059.0647,67.878876,560.1557
-1063.5026,68.16331,551.6486
-1067.8723,68.44338,543.1062
-1072.1737,68.71907,534.52905
-1074.2987,68.85527,530.22754
-1078.4971,69.12435,521.5993
-1081.0898,60.611183,517.2726
-1074.8152,60.25939,530.22754
-1068.3856,59.898926,543.1062
-1061.8022,59.529827,555.9066
-1055.066,59.15216,568.627
-1055.5055,50.71044,568.627
-1060.0151,50.927105,560.1557
-1064.4569,51.140503,551.6486
-1066.6522,51.245975,547.3818
-1070.9917,51.45446,538.8219
-1070.9917,51.45446,538.8219
-1073.1359,51.557472,534.52905
-1077.3724,51.761013,525.91766
-1077.3724,51.761013,525.91766
-1081.5402,51.961243,517.2726
-1081.9211,43.307976,517.2726
-1079.8452,43.22488,521.5993
-1073.5139,42.971447,534.52905
-1069.2073,42.799053,543.1062
-1062.6188,42.535324,555.9066
-1058.1415,42.356106,564.3959
-1053.9001,33.744755,572.84906
-1058.4465,33.890324,564.3959
-1060.6942,33.962296,560.1557
-1065.1389,34.104607,551.6486
-1069.5154,34.24474,543.1062
-1069.5154,34.24474,543.1062
-1073.8234,34.382675,534.52905
-1080.1565,34.585453,521.5993
-1082.233,34.651943,517.2726
-1075.9517,34.45082,530.22754
-1084.5353,26.043152,512.9376
-1078.3043,25.893526,525.91766
-1074.0641,25.791704,534.52905
-1069.7551,25.688232,543.1062
-1063.1632,25.529942,555.9066
-1056.4183,25.367975,568.627
-1060.932,25.47636,560.1557
-1067.5748,25.635878,547.3818
-1082.4756,25.99369,517.2726
-1084.7089,17.366756,512.9376
-1080.5714,17.300516,521.5993
-1074.236,17.199081,534.52905
-1067.7457,17.09517,547.3818
-1061.1018,16.988796,560.1557
-1054.305,16.879976,572.84906
-1054.4402,0.010877153,572.84906
-1054.3644,-12.642007,572.84906
-1054.2295,-21.07682,572.84906
-1054.1367,-25.293756,572.84906
-1053.9006,-33.726345,572.84906
-1053.2261,-50.584507,572.84906
-1052.7877,-59.009003,572.84906
-1056.8214,-67.7206,564.3959
-1056.2457,-76.17331,564.3959
-1058.4888,-76.33507,560.1557
-1059.3286,-63.627422,560.1557
-1059.8038,-55.15045,560.1557
-1060.211,-46.669952,560.1557
-1060.5505,-38.18646,560.1557
-1060.8221,-29.70053,560.1557
-1061.102,-16.968235,560.1557
-1061.204,-8.47857,560.1557
-1065.6847,0.010993147,551.6486
-1065.608,-12.77682,551.6486
-1065.378,-25.563488,551.6486
-1065.1394,-34.086,551.6486
-1064.6537,-46.865513,551.6486
-1066.8495,-46.96217,547.3818
-1069.2079,-42.7814,543.1062
-1069.516,-34.226055,543.1062
-1069.8497,-21.389109,543.1062
-1069.9866,-12.829319,543.1062
-1070.0293,-8.549082,543.1062
-1076.503,0.011104744,530.22754
-1082.7876,0.011169573,517.2726
-1082.7097,-12.981873,517.2726
-1078.3047,-25.873661,525.91766
-1078.5376,-12.931848,525.91766
-1074.0645,-25.77192,534.52905
-1073.6779,-38.659126,534.52905
-1050.9291,-50.474182,577.0619
-1051.4591,-37.85911,577.0619
-1051.8378,-25.238592,577.0619
-1052.0648,-12.614435,577.0619
-1047.4154,-12.558687,585.45984
-1047.1893,-25.127054,585.45984
-1046.8124,-37.6918,585.45984
-1039.1926,-49.910503,597.9864
-1039.7168,-37.436314,597.9864
-1039.9829,-29.117083,597.9864
-1040.1826,-20.795986,597.9864
-1035.168,-28.982275,606.2897
-924.3525,539.0811,543.1062
-918.65656,535.7593,555.9066
-912.8285,532.36035,568.627
-906.86896,528.88477,581.2655
-904.4171,542.1013,572.84906
-908.3186,544.4398,564.3959
-912.1619,546.74347,555.9066
-905.53595,557.64905,555.9066
-901.7206,555.29944,564.3959
-917.2336,515.44366,577.0619
-925.3623,500.70367,577.0619
-911.1312,512.01447,589.64484
-909.0215,506.05563,597.9864
-902.6868,502.52908,610.42676
-896.2223,498.93024,622.7793
-899.94635,486.9514,626.877
-907.6215,472.49158,626.877
-905.39026,471.33002,630.9647
-910.9805,460.43246,630.9647
-916.43964,449.4686,630.9647
-923.513,434.74976,630.9647
-918.9169,432.5861,639.1096
-911.87866,447.2317,639.1096
-904.60706,461.76285,639.1096
-922.34784,425.22153,639.1096
-927.3836,414.12378,639.1096
-932.2859,402.96646,639.1096
-918.71405,366.92975,679.2106
-923.05066,355.87982,679.2106
-912.7939,351.92535,694.9503
-907.5777,349.91428,702.7537
-894.2838,344.78885,722.0644
-902.3034,347.88077,710.51215
-899.6446,346.85568,714.3743
-891.57886,335.5787,729.70825
-890.0252,322.8557,737.3054
-886.9905,313.74884,744.8554
-1007.72876,204.27437,618.6717
-1000.38086,202.78488,630.9647
-992.88885,201.2662,643.1668
-996.1257,222.74916,630.9647
-993.3813,234.68547,630.9647
-965.4119,228.07774,675.24835
-960.1242,226.82852,683.162
-952.0776,224.92752,694.9503
-943.8938,222.99411,706.63855
-935.5742,221.02861,718.2251
-927.1199,219.03127,729.70825
-924.9474,261.9637,718.2251
-931.0285,271.74954,706.63855
-936.425,273.32468,698.85754
-939.1007,274.10568,694.9503
-944.40717,275.6545,687.1024
-952.25336,277.94467,675.24835
-946.5048,296.93152,675.24835
-941.63336,312.03586,675.24835
-936.5208,327.0603,675.24835
-932.529,338.27393,675.24835
-929.7933,345.72272,675.24835
-999.8287,296.1758,593.8203
-992.9249,294.1307,606.2897
-988.243,292.7438,614.55414
-981.1016,290.62836,626.877
-973.819,288.47104,639.1096
-968.8859,287.00974,647.2137
-962.8916,297.8472,651.25024
-960.47815,305.5402,651.25024
-958.00336,313.2136,651.25024
-950.50696,310.7627,663.29706
-959.19946,300.914,655.2763
-1003.3104,284.1577,593.8203
-996.3826,282.19562,606.2897
-989.3115,280.19293,618.6717
-982.09784,278.14987,630.9647
-974.7428,276.06677,643.1668
-994.98303,268.94568,614.55414
-990.2055,267.6543,622.7793
-987.793,267.0022,626.877
-982.92053,265.68515,635.04224
-975.494,263.67773,647.2137
-981.0866,252.5974,643.1668
-983.57,253.2368,639.1096
-986.03766,253.87213,635.04224
-990.9256,255.13062,626.877
-993.34576,255.75372,622.7793
-941.7408,393.7105,630.9647
-946.3673,395.6447,622.7793
-951.8002,389.00104,618.6717
-960.8403,392.69574,602.1428
-963.95087,384.9971,602.1428
-968.39325,386.77136,593.8203
-972.9643,375.1239,593.8203
-977.3653,376.8207,585.45984
-981.8164,365.06635,585.45984
-989.0763,358.7864,577.0619
-993.3101,346.8928,577.0619
-997.6363,348.40363,568.627
-1003.08246,332.39868,568.627
-1006.9986,320.33893,568.627
-1009.52893,312.27335,568.627
-1014.3955,296.0828,568.627
-1007.77295,294.14978,581.2655
-1000.4243,318.24756,581.2655
-996.53375,330.22858,581.2655
-992.49963,342.16205,581.2655
-920.7496,376.31067,671.2753
-922.63477,385.72293,663.29706
-927.50055,387.75714,655.2763
-922.7811,398.8582,655.2763
-925.17957,399.8949,651.25024
-927.5632,400.92517,647.2137
-930.74066,393.49243,647.2137
-1004.17096,306.2207,581.2655
-999.6913,304.85464,589.64484
-995.1477,303.4691,597.9864
-988.2129,301.3543,610.42676
-981.1358,299.19617,622.7793
-973.91754,296.99496,635.04224
-971.5106,304.77615,635.04224
-978.71106,307.03503,622.7793
-978.71106,307.03503,622.7793
-981.08,307.7782,618.6717
-994.96246,312.13333,593.8203
-993.3951,324.78473,589.64484
-989.4265,336.68094,589.64484
-983.987,330.44455,602.1428
-974.72906,327.33554,618.6717
-967.62177,324.94876,630.9647
-960.3751,322.51517,643.1668
-950.49805,319.19824,659.29193
-986.5988,322.5627,602.1428
-979.66046,320.29425,614.55414
-972.5811,317.9797,626.877
-965.36176,315.6194,639.1096
-985.581,317.87222,606.2897
-989.32416,306.0235,606.2897
-980.3695,333.599,606.2897
-951.54834,332.30835,651.25024
-941.59033,328.83075,667.2915
-932.0159,355.06104,667.2915
-926.2164,369.92612,667.2915
-931.14386,371.89413,659.29193
-940.8198,375.75867,643.1668
-947.9189,378.594,630.9647
-950.25494,379.527,626.877
-960.19916,374.6206,614.55414
-964.62506,363.07233,614.55414
-971.457,365.64377,602.1428
-974.3508,357.86108,602.1428
-978.84106,359.51028,593.8203
-960.50714,352.77655,626.877
-953.3774,350.15793,639.1096
-946.1103,347.48886,651.25024
-941.8727,358.81607,651.25024
-946.7108,360.6592,643.1668
-949.1072,361.57214,639.1096
-953.8543,363.3806,630.9647
-964.67084,341.22617,626.877
-973.0596,339.8207,614.55414
-979.9512,342.22745,602.1428
-958.8572,334.8608,639.1096
-943.9249,338.14172,659.29193
-1091.2715,420.73694,268.52734
-1077.9938,415.61777,324.33182
-1108.886,333.31168,315.0795
-1085.8225,326.37918,393.02203
-1051.5819,343.80856,464.72684
-1043.0067,345.62866,482.36703
-1034.6543,352.07098,495.51645
-1036.3486,334.24594,504.24316
-1030.5157,332.3647,517.2726
-1034.4296,319.97574,517.2726
-1038.1945,307.54077,517.2726
-1042.9817,290.8922,517.2726
-1045.2753,282.53973,517.2726
-1044.1367,286.71826,517.2726
-1039.4161,303.38586,517.2726
-1049.6616,265.7811,517.2726
-1048.7183,252.19168,525.91766
-1058.734,254.60023,504.24316
-1070.4082,239.35986,486.758
-1076.9786,227.29579,477.96838
-1077.879,222.98637,477.96838
-1079.6284,214.35693,477.96838
-1088.682,207.11653,460.298
-1097.5068,208.79541,438.0449
-1099.9331,195.61156,438.0449
-1105.0287,196.51775,424.60834
-1109.9652,197.39568,411.11066
-1117.8373,198.79564,388.48398
-1123.8134,199.85841,370.27032
-1130.8787,201.11491,347.37054
-1136.2053,202.06221,328.95023
-1140.0095,202.73874,315.0795
-1143.6498,203.38611,301.1634
-1144.8265,203.5954,296.51495
-1148.2471,204.20369,282.54147
-1145.7142,217.96663,282.54147
-1143.934,227.1246,282.54147
-1142.0804,236.26805,282.54147
-1139.1633,249.95468,282.54147
-1132.8374,277.21802,282.54147
-1129.4296,290.7908,282.54147
-1123.3887,313.31808,282.54147
-1119.5483,326.77493,282.54147
-1118.4546,326.45566,287.20392
-1116.2134,325.8015,296.51495
-1117.7711,306.93814,310.44574
-1122.5386,289.0166,310.44574
-1125.9257,275.52664,310.44574
-1125.9257,275.52664,310.44574
-1129.1506,261.997,310.44574
-1132.2129,248.42963,310.44574
-1134.164,239.36473,310.44574
-1137.8483,221.18956,310.44574
-1130.208,219.70436,338.1712
-1130.1035,233.7903,328.95023
-1128.4929,247.61339,324.33182
-1125.6406,265.93164,319.70822
-1120.0422,312.38477,296.51495
-1123.71,298.92307,296.51495
-1128.3484,280.90753,296.51495
-1132.698,262.8201,296.51495
-1136.7576,244.66537,296.51495
-1139.6115,231.008,296.51495
-1141.423,221.88446,296.51495
-1137.1033,211.61931,319.70822
-1131.9293,210.65643,338.1712
-1127.8588,209.89888,351.9619
-1123.6256,209.11108,365.70193
-1152.101,181.20111,282.54147
-1154.1921,167.3642,282.54147
-1150.754,166.86563,296.51495
-1145.9121,166.16353,315.0795
-1142.0883,165.60904,328.95023
-1144.5914,147.31654,328.95023
-1141.945,146.97592,338.1712
-1142.7969,128.53589,342.77362
-1138.6277,128.06694,356.5476
-1128.2625,126.90112,388.48398
-1149.3823,176.06557,296.51495
-1144.5461,175.32475,315.0795
-1138.0892,174.33566,338.1712
-1132.596,173.49419,356.5476
-1128.2855,172.8339,370.27032
-1123.8127,172.14874,383.9397
-1119.1782,171.43881,397.5538
-1122.3827,149.02406,397.5538
-1127.0305,149.64117,383.9397
-1132.9751,150.43048,365.70193
-1137.2435,150.99721,351.9619
-1139.6277,27.368273,374.8328
-1131.9064,27.182846,397.5538
-1115.1089,26.779451,442.5098
-1107.8889,26.606064,460.298
-1097.9037,-43.927483,482.36703
-1116.2982,-44.663452,438.0449
-1129.7296,-45.200848,402.07922
-1136.0125,-45.452225,383.9397
-1142.0045,-45.69197,365.70193
-1142.5894,-27.413975,365.70193
-1133.4877,-27.195599,393.02203
-1128.6915,-27.080526,406.5982
-1124.0205,-8.978304,420.1158
-1115.4214,4.4760838,442.5098
-1182.7555,4.7462893,202.64952
-1182.68,-14.178276,202.64952
-1182.3018,-33.09942,202.64952
-1180.6436,-33.052998,212.10437
-1179.9636,-51.93914,212.10437
-1177.7782,-61.28739,221.54565
-1176.958,-75.41664,221.54565
-1178.6888,-75.52756,212.10437
-1179.5104,-61.37753,212.10437
-1180.0323,-80.35461,202.64952
-1180.1505,-89.85346,197.9172
-1178.5342,-89.73039,207.3786
-1176.8424,-89.601585,216.82674
-1175.9681,-89.53503,221.54565
-1175.0752,-89.46703,226.26102
-1173.2328,-89.32677,235.68079
-1177.7784,-99.15613,207.3786
-1179.3938,-99.29212,197.9172
-1180.9337,-99.42176,188.44312
-1182.398,-99.54504,178.95699
-1182.6938,-104.33611,174.20958
-1184.0442,-104.45524,164.70651
-1185.3188,-104.56768,155.19289
-1186.5176,-104.67343,145.66933
-1187.6403,-104.77248,136.13646
-1188.6871,-104.86483,126.59487
-1189.6578,-104.95046,117.04519
-1189.2366,-114.50867,112.267494
-1188.3047,-114.41893,121.82101
-1186.764,-114.27059,136.13646
-1185.6422,-114.16257,145.66933
-1184.4443,-114.04723,155.19289
-1183.1707,-113.92459,164.70651
-1181.8213,-113.79467,174.20958
-1180.3964,-113.65746,183.70152
-1178.8959,-113.512985,193.1817
-1177.32,-113.36124,202.64952
-1175.6687,-113.20225,212.10437
-1184.1019,-123.582924,150.43231
-1186.3441,-123.81693,131.36671
-1187.3513,-123.92205,121.82101
-1188.2825,-124.01924,112.267494
-1185.261,-123.70389,140.90402
-1182.8672,-123.454056,159.95097
-1181.5569,-123.31729,169.45941
-1180.1707,-123.17262,178.95699
-1177.9501,-122.940865,193.1817
-1179.4495,-123.09734,183.70152
-1178.4269,-132.52933,183.70152
-1179.1475,-132.61038,178.95699
-1179.8494,-132.68932,174.20958
-1181.1965,-132.84082,164.70651
-1183.0754,-133.05212,150.43231
-1184.2334,-133.18236,140.90402
-1181.8417,-132.91338,159.95097
-1185.3156,-133.30406,131.36671
-1185.8281,-133.36171,126.59487
-1186.3219,-133.41724,121.82101
-1187.2523,-133.52187,112.267494
-1187.689,-133.57098,107.488014
-1188.5054,-133.6628,97.92396
-1188.3408,-138.4602,93.13954
-1188.4791,-143.29727,83.56632
-1187.7775,-143.21266,93.13954
-1186.9996,-143.11888,102.70681
-1186.1461,-143.01596,112.267494
-1185.2166,-142.90388,121.82101
-1184.2112,-142.78265,131.36671
-1183.13,-142.6523,140.90402
-1181.973,-142.51282,150.43231
-1181.3662,-142.43965,155.19289
-1180.7406,-142.3642,159.95097
-1180.096,-142.28648,164.70651
-1188.8014,-143.33612,78.77766
-1189.1047,-143.3727,73.98775
-1189.9005,-143.46864,59.611206
-1190.3358,-143.52113,50.021946
-1190.9004,-138.75844,50.021946
-1191.2598,-138.80031,40.429485
-1191.543,-138.8333,30.834442
-1191.7498,-138.85739,21.237423
-1191.8247,-138.86612,16.438366
-1191.8805,-138.87262,11.639046
-1191.9171,-138.87689,6.8395386
-1191.9333,-138.87878,-2.759726
-1191.7369,-138.8559,-21.957111
-1191.3894,-138.8154,-36.35173
-1190.8705,-138.75494,-50.74112
-1190.6594,-138.73035,-55.53606
-1190.1799,-138.67448,-65.1232
-1189.6245,-138.60977,-74.70617
-1188.9928,-138.53616,-84.28436
-1188.285,-138.4537,-93.85716
-1187.0809,-138.3134,-108.20491
-1185.7058,-138.15318,-122.53707
-1184.6943,-138.03532,-132.08217
-1183.6068,-137.90862,-141.61882
-1182.4438,-137.7731,-151.14641
-1180.5573,-137.5533,-165.41946
-1180.5573,-137.5533,-165.41946
-1178.5007,-137.31367,-179.66872
-1177.0355,-137.14294,-189.15396
-1175.4949,-136.96344,-198.6271
-1173.879,-136.77518,-208.08754
-1172.1882,-136.57817,-217.53467
-1174.4169,-132.07835,-208.08754
-1176.0333,-132.26015,-198.6271
-1176.8135,-132.34789,-193.89207
-1179.0406,-132.59836,-179.66872
-1179.7454,-132.67761,-174.92174
-1181.0981,-132.82976,-165.41946
-1182.3754,-132.97339,-155.90662
-1182.9855,-133.042,-151.14641
-1184.149,-133.17287,-141.61882
-1185.237,-133.29523,-132.08217
-1186.249,-133.40903,-122.53707
-1187.1852,-133.51433,-112.98413
-1187.6248,-133.56375,-108.20491
-1188.4469,-133.65622,-98.64135
-1189.193,-133.74013,-89.07148
-1189.8629,-133.81548,-79.4959
-1190.4568,-133.88226,-69.915245
-1190.9746,-133.94049,-60.33011
-1191.6082,-134.01173,-45.945366
-1192.0702,-134.0637,-31.554003
-1192.2828,-134.08762,-21.957111
-1192.4193,-134.10297,-12.358814
-1192.4794,-134.10973,-2.759726
-1192.4631,-134.1079,6.8395386
-1192.3707,-134.0975,16.438366
-1192.8975,-129.32674,16.438366
-1192.99,-129.33676,6.8395386
-1193.0062,-129.33852,-2.759726
-1192.9857,-129.3363,-7.5593305
-1192.9857,-129.3363,-7.5593305
-1192.8875,-129.32564,-17.1581
-1192.7128,-129.3067,-26.755772
-1192.4618,-129.2795,-36.35173
-1192.1346,-129.24403,-45.945366
-1191.7311,-129.20029,-55.53606
-1191.2512,-129.14825,-65.1232
-1190.6953,-129.08798,-74.70617
-1190.3887,-129.05473,-79.4959
-1190.063,-129.01944,-84.28436
-1189.7184,-128.98207,-89.07148
-1188.972,-128.90115,-98.64135
-1188.5702,-128.85759,-103.42395
-1188.1494,-128.81198,-108.20491
-1187.7097,-128.76431,-112.98413
-1187.2509,-128.71457,-117.761536
-1186.7731,-128.66277,-122.53707
-1185.7607,-128.55301,-132.08217
-1185.2258,-128.49503,-136.8516
-1184.0996,-128.37292,-146.38379
-1182.8977,-128.24261,-155.90662
-1182.2682,-128.17438,-160.66434
-1181.62,-128.1041,-165.41946
-1180.2665,-127.95736,-174.92174
-1179.5615,-127.880936,-179.66872
-1178.8378,-127.80247,-184.41281
-1177.3334,-127.63937,-193.89207
-1176.553,-127.554756,-198.6271
-1175.7538,-127.46812,-203.35895
-1177.8346,-122.92881,-193.89207
-1179.3396,-123.08589,-184.41281
-1180.0637,-123.16146,-179.66872
-1181.4554,-123.30672,-170.17197
-1182.7716,-123.44408,-160.66434
-1183.4014,-123.509796,-155.90662
-1184.012,-123.57354,-151.14641
-1184.6038,-123.6353,-146.38379
-1185.7305,-123.75289,-136.8516
-1186.2655,-123.80873,-132.08217
-1186.7814,-123.86257,-127.31064
-1187.7563,-123.964325,-117.761536
-1189.0762,-124.10207,-103.42395
-1190.2249,-124.22196,-89.07148
-1190.8954,-124.29195,-79.4959
-1191.4899,-124.35399,-69.915245
-1191.7584,-124.38201,-65.1232
-1192.2384,-124.43212,-55.53606
-1192.6421,-124.47425,-45.945366
-1192.9695,-124.508415,-36.35173
-1193.2206,-124.534615,-26.755772
-1193.3174,-124.54473,-21.957111
-1193.454,-124.55898,-12.358814
-1193.4937,-124.56312,-7.5593305
-1193.5142,-124.565254,-2.759726
-1193.4978,-124.56356,6.8395386
-1193.9823,-119.78793,-7.5593305
-1193.9427,-119.78396,-12.358814
-1193.806,-119.77025,-21.957111
-1193.806,-119.77025,-21.957111
-1193.5931,-119.748886,-31.554003
-1193.458,-119.73532,-36.35173
-1193.1305,-119.70247,-45.945366
-1192.7267,-119.66196,-55.53606
-1192.4961,-119.638824,-60.33011
-1191.9778,-119.586815,-69.915245
-1191.383,-119.52715,-79.4959
-1190.7123,-119.459854,-89.07148
-1189.9652,-119.38491,-98.64135
-1189.142,-119.302315,-108.20491
-1188.2427,-119.2121,-117.761536
-1187.2673,-119.11424,-127.31064
-1186.7513,-119.06247,-132.08217
-1185.6619,-118.95317,-141.61882
-1184.4968,-118.83629,-151.14641
-1183.2559,-118.711784,-160.66434
-1181.9393,-118.5797,-170.17197
-1180.547,-118.44001,-179.66872
-1179.8226,-118.36733,-184.41281
-1178.3169,-118.21628,-193.89207
-1180.2866,-113.64689,-184.41281
-1181.717,-113.78463,-174.92174
-1183.0721,-113.91511,-165.41946
-1184.3516,-114.03829,-155.90662
-1185.5549,-114.15417,-146.38379
-1186.6825,-114.26274,-136.8516
-1188.2317,-114.411896,-122.53707
-1193.1957,-114.88988,-55.53606
-1193.5997,-114.92878,-45.945366
-1194.0626,-114.97334,-31.554003
-1194.3535,-115.00136,-17.1581
-1194.629,-110.20667,-26.755772
-1194.629,-110.20667,-26.755772
-1194.3777,-110.18348,-36.35173
-1194.0499,-110.15325,-45.945366
-1193.6458,-110.11597,-55.53606
-1187.1301,-109.514885,-136.8516
-1186.0021,-109.41082,-146.38379
-1184.7982,-109.29976,-155.90662
-1184.1677,-109.2416,-160.66434
-1183.5184,-109.181694,-165.41946
-1182.1628,-109.05664,-174.92174
-1180.7318,-108.92462,-184.41281
-1182.5896,-104.32691,-174.92174
-1183.9457,-104.44654,-165.41946
-1185.226,-104.55949,-155.90662
-1186.4303,-104.66573,-146.38379
-1169.8674,-141.0532,-226.96786
-1171.6326,-141.26604,-217.53467
-1173.3226,-141.4698,-208.08754
-1174.9376,-141.66454,-198.6271
-1176.4775,-141.85019,-189.15396
-1178.6461,-142.11166,-174.92174
-1179.9977,-142.27463,-165.41946
-1181.2737,-142.42848,-155.90662
-1181.8833,-142.50198,-151.14641
-1183.5986,-142.7088,-136.8516
-1184.6477,-142.8353,-127.31064
-1185.6208,-142.95264,-117.761536
-1186.5182,-143.06082,-108.20491
-1188.7543,-143.33043,-79.4959
-1189.0605,-143.36736,-74.70617
-1189.3477,-143.40198,-69.915245
-1189.8649,-143.46434,-60.33011
-1190.4979,-143.54066,-45.945366
-1190.8246,-143.58006,-36.35173
-1191.172,-143.62193,-21.957111
-1191.3478,-143.64314,-7.5593305
-1191.3698,-143.64578,2.0399227
-1191.2596,-143.63252,16.438366
-1190.978,-143.59856,30.834442
-1190.525,-143.54393,45.22608
-1189.0709,-148.19662,64.40444
-1188.2185,-148.0904,78.77766
-1187.5552,-148.00772,88.35364
-1186.8158,-147.91557,97.92396
-1185.5646,-147.75961,112.267494
-1184.1425,-147.58237,126.59487
-1182.5499,-147.3839,140.90402
-1181.3936,-147.23978,150.43231
-1180.1616,-147.08624,159.95097
-1178.8542,-146.9233,169.45941
-1189.3171,-148.22731,59.611206
-1189.9413,-148.3051,45.22608
-1190.1112,-148.32628,40.429485
-1190.1112,-148.32628,40.429485
-1190.394,-148.36154,30.834442
-1190.6007,-148.3873,21.237423
-1190.7313,-148.40356,11.639046
-1190.7842,-148.41014,-2.759726
-1190.7241,-148.40268,-12.358814
-1190.4912,-148.37364,-26.755772
-1190.2407,-148.34242,-36.35173
-1189.9142,-148.30173,-45.945366
-1189.5114,-148.25153,-55.53606
-1189.0325,-148.19183,-65.1232
-1188.4775,-148.12267,-74.70617
-1187.5024,-148.00114,-89.07148
-1187.1394,-147.95589,-93.85716
-1186.3563,-147.8583,-103.42395
-1185.4976,-147.75127,-112.98413
-1184.0668,-147.57295,-127.31064
-1183.0183,-147.44228,-136.8516
-1181.8942,-147.30217,-146.38379
-1180.6945,-147.15265,-155.90662
-1179.4191,-146.9937,-165.41946
-1178.0682,-146.82533,-174.92174
-1176.6421,-146.6476,-184.41281
-1175.1405,-146.46045,-193.89207
-1173.5638,-146.26395,-203.35895
-1170.1852,-145.84285,-222.25304
-1127.5443,-256.87793,-320.40195
-1136.9615,-259.02338,-283.241
-1141.2341,-259.99677,-264.5494
-1145.2145,-260.90356,-245.79008
-1148.902,-261.74365,-226.96786
-1151.4746,-262.32974,-212.8128
-1154.6469,-263.05243,-193.89207
-1156.832,-263.55026,-179.66872
-1158.1964,-263.86108,-170.17197
-1161.2827,-264.56424,-146.38379
-1163.4175,-265.05057,-127.31064
-1165.667,-265.56308,-103.42395
-1167.4504,-265.96936,-79.4959
-1168.2964,-266.1621,-65.1232
-1169.1628,-266.35947,-45.945366
-1169.6161,-266.46277,-31.554003
-1169.9587,-266.5408,-12.358814
-1170.019,-266.55453,2.0399227
-1169.911,-266.52994,16.438366
-1169.6344,-266.46692,30.834442
-1169.0037,-266.32324,50.021946
-1168.3344,-266.17072,64.40444
-1167.1803,-265.9078,83.56632
-1166.1185,-265.66592,97.92396
-1164.889,-265.38583,112.267494
-1163.4917,-265.06747,126.59487
-1161.9269,-264.711,140.90402
-1159.5803,-264.1764,159.95097
-1156.9369,-263.57416,178.95699
-1154.76,-263.07822,193.1817
-1150.2795,-271.75568,207.3786
-1152.4169,-262.5444,207.3786
-1154.4803,-253.31635,207.3786
-1153.9521,-243.54065,221.54565
-1151.2681,-242.97417,235.68079
-1153.1749,-233.7559,235.68079
-1150.3204,-233.17728,249.782
-1150.1509,-223.57849,259.16296
-1147.0156,-222.96901,273.2031
-1143.7152,-222.32745,287.20392
-1140.2501,-221.65385,301.1634
-1130.5912,-210.40369,342.77362
-1126.4664,-209.63608,356.5476
-1122.1793,-208.83824,370.27032
-1117.7307,-208.01035,383.9397
-1113.1212,-207.15253,397.5538
-1109.1676,-201.82959,411.11066
-1106.5663,-187.66635,424.60834
-1101.4636,-186.80098,438.0449
-1096.2023,-185.90869,451.41837
-1087.0831,-184.36214,473.5621
-1083.3135,-183.72284,482.36703
-1077.1998,-196.01259,491.14114
-1069.7305,-203.50812,504.24316
-1061.6687,-201.97443,521.5993
-1055.0454,-213.86441,530.22754
-1048.7341,-212.5851,543.1062
-1039.6615,-223.76747,555.9066
-1036.9014,-236.22758,555.9066
-1030.6174,-243.48528,564.3959
-1027.6213,-255.83545,564.3959
-1024.4773,-268.14877,564.3959
-1022.29926,-276.3363,564.3959
-1013.45184,-273.94476,581.2655
-1004.3452,-271.4832,597.9864
-997.3463,-269.5913,610.42676
-988.03076,-275.57397,622.7793
-978.3073,-272.862,639.1096
-976.0931,-280.68002,639.1096
-968.65283,-278.54056,651.25024
-966.3935,-286.2811,651.25024
-961.36755,-284.79224,659.29193
-951.4226,-290.14575,671.2753
-906.63965,-374.80588,691.03186
-908.1317,-371.17618,691.03186
-900.3911,-368.0124,702.7537
-903.3065,-360.7972,702.7537
-900.898,-351.50427,710.51215
-903.6813,-344.2856,710.51215
-898.3412,-342.25113,718.2251
-902.3836,-331.44614,718.2251
-906.2961,-320.5934,718.2251
-900.85065,-318.66714,725.8921
-904.6099,-307.83374,725.8921
-899.0838,-305.95325,733.5127
-894.70935,-300.47662,741.08636
-891.4213,-291.45737,748.6125
-882.8194,-288.64493,759.8118
-892.3955,-268.24786,756.0908
-896.57324,-253.93513,756.0908
-902.3639,-255.57523,748.6125
-903.379,-251.96356,748.6125
-965.7017,-116.43655,702.7537
-968.4846,-116.77209,698.85754
-971.25195,-117.10576,694.9503
-976.74005,-117.76746,687.1024
-975.7666,-125.5779,687.1024
-974.7307,-133.3803,687.1024
-973.63245,-141.17415,687.1024
-971.8682,-152.84784,687.1024
-969.964,-164.49951,687.1024
-968.61694,-172.25424,687.1024
-966.4801,-183.86551,687.1024
-964.9782,-191.59175,687.1024
-962.60956,-203.15796,687.1024
-961.7892,-207.00693,687.1024
-959.2358,-218.53375,687.1024
-957.4567,-226.20093,687.1024
-955.61646,-233.85362,687.1024
-953.71497,-241.49135,687.1024
-951.75244,-249.11362,687.1024
-949.729,-256.71994,687.1024
-948.69446,-260.51697,687.1024
-945.4999,-271.8828,687.1024
-942.1691,-283.20947,687.1024
-938.7027,-294.49536,687.1024
-935.10114,-305.73883,687.1024
-932.6252,-313.21014,687.1024
-930.08954,-320.6614,687.1024
-927.4944,-328.0921,687.1024
-923.4904,-339.19867,687.1024
-922.12616,-342.89008,687.1024
-919.35345,-350.2564,687.1024
-915.0841,-361.26367,687.1024
-912.1646,-368.57303,687.1024
-787.8563,-229.9678,875.4411
-882.7289,-234.8242,778.2335
-886.3731,-220.67044,778.2335
-880.3037,-219.15941,785.51544
-874.17816,-217.6344,792.7471
-943.2061,-33.959526,741.08636
-922.10376,-33.19975,767.21735
-922.4358,-22.131863,767.21735
-921.4545,-47.94922,767.21735
-909.0791,-47.30525,781.88074
-908.2059,-61.844517,781.88074
-895.6098,-60.986786,796.34393
-882.7846,-60.113453,810.6033
-873.0173,-59.44834,821.16187
-1023.37164,-69.68676,622.7793
-1028.3092,-70.02299,614.55414
-1030.7533,-70.18942,610.42676
-1040.3646,-70.8439,593.8203
-984.85486,-118.74588,675.24835
-984.85486,-118.74588,675.24835
-992.8279,-119.70721,663.29706
-1000.658,-120.6513,651.25024
-998.5995,-136.64645,651.25024
-999.6607,-128.653,651.25024
-997.4743,-144.63115,651.25024
-996.2853,-152.60661,651.25024
-994.38226,-164.55132,651.25024
-993.034,-172.5014,651.25024
-990.8924,-184.40565,651.25024
-989.3854,-192.32718,651.25024
-987.815,-200.23639,651.25024
-986.1815,-208.1328,651.25024
-984.48474,-216.01587,651.25024
-981.82166,-227.8144,651.25024
-979.96765,-235.66196,651.25024
-978.05096,-243.49445,651.25024
-976.07166,-251.31134,651.25024
-972.98553,-263.00638,651.25024
-970.8503,-270.7821,651.25024
-1017.8521,-266.41467,577.0619
-1015.44336,-257.12167,585.45984
-1017.46796,-248.98961,585.45984
-1010.5712,-247.30188,597.9864
-1013.4661,-235.15695,597.9864
-1016.2151,-222.97813,597.9864
-1009.1334,-221.42429,610.42676
-1015.7467,-201.67159,606.2897
-1017.3276,-193.53886,606.2897
-1019.57684,-181.31671,606.2897
-1017.52673,-164.20227,614.55414
-1018.8078,-156.05652,614.55414
-1013.9159,-155.30719,622.7793
-1015.126,-147.1906,622.7793
-1013.79504,-138.72578,626.877
-1003.72894,-137.34836,643.1668
-996.82245,-108.069466,659.29193
-991.5474,-107.497574,667.2915
-983.5159,-106.626854,679.2106
-975.3429,-105.740776,691.03186
-976.54156,-94.028786,691.03186
-979.285,-94.29294,687.1024
-979.285,-94.29294,687.1024
-987.42096,-95.07633,675.24835
-990.1014,-95.33443,671.2753
-983.07666,-82.76435,683.162
-980.346,-82.53446,687.1024
-977.5996,-82.303246,691.03186
-988.68207,-131.26259,667.2915
-986.0284,-130.91028,671.2753
-983.35895,-130.55586,675.24835
-981.14417,-146.27295,675.24835
-979.31824,-158.03642,675.24835
-978.0225,-165.86618,675.24835
-976.66425,-173.68535,675.24835
-975.24347,-181.49338,675.24835
-973.76025,-189.28981,675.24835
-972.2147,-197.07411,675.24835
-972.2147,-197.07411,675.24835
-970.607,-204.8458,675.24835
-968.937,-212.60439,675.24835
-967.20514,-220.34935,675.24835
-965.4114,-228.08022,675.24835
-962.6048,-239.649,675.24835
-960.65674,-247.34244,675.24835
-958.6472,-255.02005,675.24835
-955.5179,-266.5057,675.24835
-953.35516,-274.14163,675.24835
-951.1315,-281.75995,675.24835
-953.71344,-282.5248,671.2753
-955.9432,-274.8858,671.2753
-958.1117,-267.2292,671.2753
-961.2496,-255.71233,671.2753
-963.2646,-248.01389,671.2753
-969.7122,-233.19574,667.2915
-972.4408,-221.54214,667.2915
-974.18207,-213.75525,667.2915
-975.02936,-209.85663,667.2915
-976.67706,-202.04941,667.2915
-977.4775,-198.1409,667.2915
-979.03143,-190.31447,667.2915
-981.24475,-178.55212,667.2915
-982.64185,-170.69617,667.2915
-983.976,-162.82927,667.2915
-985.24713,-154.95198,667.2915
-986.4553,-147.06476,667.2915
-988.14905,-135.21643,667.2915
-990.23517,-139.53943,663.29706
-982.28296,-138.41884,675.24835
-970.284,-124.87231,694.9503
-969.2539,-132.63086,694.9503
-968.1618,-140.38092,694.9503
-967.00775,-148.12201,694.9503
-966.4075,-151.98903,694.9503
-965.16064,-159.7157,694.9503
-963.1745,-171.28639,694.9503
-961.7733,-178.98659,694.9503
-960.3106,-186.67532,694.9503
-958.7864,-194.35211,694.9503
-957.20087,-202.01645,694.9503
-954.7077,-213.48857,694.9503
-952.9692,-221.11969,694.9503
-951.1696,-228.73663,694.9503
-949.30927,-236.33894,694.9503
-947.3881,-243.92613,694.9503
-945.4063,-251.4977,694.9503
-943.36395,-259.05316,694.9503
-941.2612,-266.59207,694.9503
-939.0983,-274.1139,694.9503
-936.8753,-281.6182,694.9503
-934.5923,-289.10443,694.9503
-932.24945,-296.57217,694.9503
-929.847,-304.02097,694.9503
-927.38495,-311.4503,694.9503
-924.8635,-318.85968,694.9503
-920.9706,-329.93533,694.9503
-918.3015,-337.2928,694.9503
-915.5737,-344.6287,694.9503
-911.37213,-355.59097,694.9503
-908.9636,-346.2981,702.7537
-911.705,-339.015,702.7537
-914.38806,-331.71027,702.7537
-917.0126,-324.38428,702.7537
-919.57837,-317.03754,702.7537
-923.3168,-305.9795,702.7537
-926.92206,-294.8774,702.7537
-929.2515,-287.45233,702.7537
-931.5215,-280.00888,702.7537
-934.81464,-268.8102,702.7537
-936.93524,-261.32278,702.7537
-938.9959,-253.8187,702.7537
-940.99646,-246.29832,702.7537
-942.9368,-238.7622,702.7537
-944.81683,-231.21078,702.7537
-946.63635,-223.64458,702.7537
-949.25195,-212.26859,702.7537
-950.09344,-208.46971,702.7537
-951.7309,-200.86203,702.7537
-953.3074,-193.24147,702.7537
-954.8229,-185.60855,702.7537
-956.2772,-177.96376,702.7537
-957.67035,-170.30757,702.7537
-959.00226,-162.64047,702.7537
-960.27277,-154.96297,702.7537
-961.48175,-147.27556,702.7537
-963.1798,-135.72691,702.7537
-964.73926,-124.15872,702.7537
-959.13275,-123.43719,710.51215
-952.96655,-126.520805,718.2251
-951.92377,-134.14076,718.2251
-950.24554,-145.55444,718.2251
-949.05066,-153.15202,718.2251
-947.1445,-164.52988,718.2251
-945.7979,-172.10204,718.2251
-944.39075,-179.66318,718.2251
-942.92316,-187.21283,718.2251
-941.3952,-194.7505,718.2251
-939.807,-202.27568,718.2251
-938.99036,-206.03348,718.2251
-938.1587,-209.78795,718.2251
-936.4503,-217.28677,718.2251
-934.682,-224.77168,718.2251
-931.91736,-235.97195,718.2251
-929.9997,-243.42,718.2251
-928.0225,-250.85248,718.2251
-925.9859,-258.2689,718.2251
-923.8901,-265.6688,718.2251
-921.73505,-273.05167,718.2251
-918.39197,-284.09308,718.2251
-916.0897,-291.43137,718.2251
-913.72894,-298.75104,718.2251
-911.3096,-306.05157,718.2251
-908.83185,-313.33255,718.2251
-915.4879,-311.5355,710.51215
-919.1605,-300.52695,710.51215
-919.1605,-300.52695,710.51215
-921.53534,-293.16376,710.51215
-923.85126,-285.78183,710.51215
-907.0437,-300.58676,725.8921
-910.5855,-289.68033,725.8921
-913.9962,-278.7322,725.8921
-913.9962,-278.7322,725.8921
-917.27527,-267.74396,725.8921
-919.3879,-260.3969,725.8921
-922.44653,-249.34526,725.8921
-924.41187,-241.95743,725.8921
-927.24884,-230.84682,725.8921
-929.95233,-219.70294,725.8921
-932.52185,-208.52745,725.8921
-934.9571,-197.32193,725.8921
-937.2577,-186.08798,725.8921
-939.4233,-174.82722,725.8921
-941.4537,-163.5413,725.8921
-943.3484,-152.23183,725.8921
-945.1073,-140.90042,725.8921
-936.42456,-139.60597,737.3054
-935.2777,-147.09317,737.3054
-932.8045,-162.03885,737.3054
-930.7928,-173.22108,737.3054
-929.3772,-180.66216,737.3054
-927.90204,-188.09166,737.3054
-926.3676,-195.50912,737.3054
-923.9548,-206.61171,737.3054
-921.4088,-217.68454,737.3054
-918.7302,-228.72603,737.3054
-915.91925,-239.73456,737.3054
-912.97644,-250.70859,737.3054
-909.90216,-261.6465,737.3054
-915.25464,-204.66621,748.6125
-906.4228,-202.69127,759.8118
-896.6504,-204.27551,770.9018
-895.8261,-207.86066,770.9018
-894.1345,-215.02086,770.9018
-903.9252,-213.55399,759.8118
-909.8114,-214.94463,752.3577
-907.1665,-225.84714,752.3577
-899.4734,-231.58942,759.8118
-896.62946,-242.36667,759.8118
-890.55475,-263.8149,759.8118
-884.41437,-273.58252,763.5207
-898.8238,-278.0399,744.8554
-904.4873,-279.79184,737.3054
-902.2199,-287.01904,737.3054
-993.34454,-255.75864,622.7793
-992.3135,-259.73013,622.7793
-997.3095,-239.83232,622.7793
-1002.77795,-215.829,622.7793
-1005.2957,-203.77985,622.7793
-1007.66876,-191.70135,622.7793
-1009.1702,-183.63358,622.7793
-1004.23663,-182.73584,630.9647
-1005.66644,-174.69582,630.9647
-1007.6904,-162.61494,630.9647
-1001.97144,-194.77379,630.9647
-999.56195,-206.7837,630.9647
-998.7268,-210.78047,630.9647
-996.1254,-222.75027,630.9647
-994.3115,-230.71245,630.9647
-991.4713,-242.62784,630.9647
-988.48834,-254.5083,630.9647
-1000.50964,-257.60345,610.42676
-1004.50323,-241.56226,610.42676
-1006.4036,-233.51822,610.42676
-1023.1503,-224.49988,585.45984
-1064.2827,-111.07757,543.1062
-1072.7881,-111.96527,525.91766
-1070.8594,-129.11562,525.91766
-1079.0756,-130.10626,508.59445
-1077.4366,-143.0461,508.59445
-1085.3645,-144.09865,491.14114
-1084.1769,-152.77725,491.14114
-1082.2654,-165.77667,491.14114
-1066.8246,-159.04654,525.91766
-1058.9891,-153.55064,543.1062
-1056.4149,-140.25516,551.6486
-1049.7773,-139.37392,564.3959
-1049.6222,-122.29732,568.627
-1042.7695,-121.498886,581.2655
-1040.1311,-142.32956,581.2655
-1038.3483,-154.80116,581.2655
-1048.4982,-177.81839,555.9066
-1055.6641,-187.7343,538.8219
-1064.016,-189.21956,521.5993
-1070.8541,-186.01965,508.59445
-1140.2776,-77.6475,365.70193
-1146.8226,-64.27749,347.37054
-1151.3809,-55.296494,333.5634
-1155.527,-74.04339,315.0795
-1154.1943,-92.522415,315.0795
-1160.2441,-93.00738,291.86176
-1160.6165,-102.38846,287.20392
-1158.8297,-120.9453,287.20392
-1162.1737,-121.29431,273.2031
-1160.0842,-139.87363,273.2031
-1163.2552,-140.25597,259.16296
-1166.2589,-140.61812,245.08551
-1166.0594,-150.06795,240.38506
-1164.4874,-154.60342,245.08551
-1162.5066,-154.34045,254.47453
-1159.3961,-153.92747,268.52734
-1156.1188,-153.49236,282.54147
-1154.1935,-167.35503,282.54147
-1161.5687,-168.42442,249.782
-1168.0338,-169.36183,216.82674
-1166.2798,-169.10751,226.26102
-1163.509,-168.70576,240.38506
-1166.6895,-159.64757,230.97275
-1170.2012,-160.1281,212.10437
-1171.8447,-160.353,202.64952
-1169.836,-174.4039,202.64952
-1168.1953,-174.1593,212.10437
-1165.0511,-183.23016,221.54565
-1160.984,-196.89526,230.97275
-1159.1252,-196.58002,240.38506
-1156.6827,-210.4757,240.38506
-1154.0737,-224.34103,240.38506
-1155.9244,-224.7008,230.97275
-1157.685,-215.44588,230.97275
-1160.1871,-201.53784,230.97275
-1162.8342,-201.99765,216.82674
-1161.1809,-211.29419,216.82674
-1159.4534,-220.57721,216.82674
-1158.5618,-225.21347,216.82674
-1157.6516,-229.84612,216.82674
-1159.3157,-230.17653,207.3786
-1157.4371,-239.44402,207.3786
-1157.8339,-249.20184,193.1817
-1158.3002,-254.15448,183.70152
-1159.0085,-254.3099,178.95699
-1160.3698,-254.6086,169.45941
-1161.6567,-254.89098,159.95097
-1162.8693,-255.15704,150.43231
-1162.8693,-255.15704,150.43231
-1164.0074,-255.40678,140.90402
-1164.5486,-255.52551,136.13646
-1165.0712,-255.64018,131.36671
-1166.0603,-255.85722,121.82101
-1166.9749,-256.0579,112.267494
-1167.404,-256.15207,107.488014
-1167.8146,-256.24216,102.70681
-1168.2065,-256.32816,97.92396
-1168.5798,-256.41006,93.13954
-1168.9343,-256.48782,88.35364
-1168.9343,-256.48782,88.35364
-1169.2703,-256.56152,83.56632
-1169.8857,-256.6966,73.98775
-1170.1654,-256.75797,69.19665
-1170.4264,-256.81522,64.40444
-1170.6686,-256.86838,59.611206
-1170.8922,-256.91742,54.817013
-1171.0969,-256.96234,50.021946
-1171.4503,-257.0399,40.429485
-1171.5989,-257.07248,35.63225
-1171.8398,-257.12537,26.03614
-1171.8398,-257.12537,26.03614
-1171.9321,-257.1456,21.237423
-1172.0059,-257.16177,16.438366
-1172.0059,-257.16177,16.438366
-1172.0967,-257.1817,6.8395386
-1172.1127,-257.1852,-2.759726
-1172.0536,-257.17227,-12.358814
-1171.9196,-257.14282,-21.957111
-1171.7104,-257.097,-31.554003
-1171.4265,-257.03467,-41.148876
-1171.2563,-256.9973,-45.945366
-1170.8599,-256.91034,-55.53606
-1170.3884,-256.8069,-65.1232
-1170.1246,-256.74902,-69.915245
-1169.8422,-256.68704,-74.70617
-1169.5409,-256.6209,-79.4959
-1169.221,-256.55072,-84.28436
-1168.8823,-256.47644,-89.07148
-1168.149,-256.31552,-98.64135
-1167.7543,-256.2289,-103.42395
-1167.341,-256.1382,-108.20491
-1167.341,-256.1382,-108.20491
-1166.4581,-255.9445,-117.761536
-1165.9886,-255.84149,-122.53707
-1164.994,-255.62325,-132.08217
-1163.9247,-255.3886,-141.61882
-1160.5339,-259.51477,-160.66434
-1164.7849,-245.8269,-151.14641
-1165.9307,-246.0687,-141.61882
-1167.5094,-246.40189,-127.31064
-1168.4685,-246.60431,-117.761536
-1169.3528,-246.79094,-108.20491
-1170.539,-247.04128,-93.85716
-1171.2361,-247.18842,-84.28436
-1171.8584,-247.31975,-74.70617
-1172.4055,-247.43523,-65.1232
-1172.8778,-247.5349,-55.53606
-1173.2749,-247.61871,-45.945366
-1173.5969,-247.68666,-36.35173
-1173.844,-247.7388,-26.755772
-1175.7883,-238.33978,-26.755772
-1175.6741,-238.31662,-31.554003
-1175.389,-238.25885,-41.148876
-1175.0288,-238.18584,-50.74112
-1174.5935,-238.09758,-60.33011
-1174.5935,-238.09758,-60.33011
-1174.0829,-237.99408,-69.915245
-1174.0829,-237.99408,-69.915245
-1173.7994,-237.93663,-74.70617
-1173.7994,-237.93663,-74.70617
-1172.8364,-237.74141,-89.07148
-1172.4778,-237.66872,-93.85716
-1171.7045,-237.51196,-103.42395
-1171.2897,-237.42789,-108.20491
-1171.2897,-237.42789,-108.20491
-1170.4039,-237.24832,-117.761536
-1169.9329,-237.15285,-122.53707
-1168.9349,-236.95055,-132.08217
-1168.4077,-236.84367,-136.8516
-1167.8618,-236.73303,-141.61882
-1166.7144,-236.50043,-151.14641
-1169.1229,-217.57446,-160.66434
-1167.3448,-226.92082,-160.66434
-1170.826,-208.21417,-160.66434
-1173.2405,-194.14894,-160.66434
-1174.7561,-184.75647,-160.66434
-1176.1967,-175.35217,-160.66434
-1178.2162,-161.22485,-160.66434
-1178.8435,-161.3107,-155.90662
-1177.5153,-170.73663,-155.90662
-1176.1117,-180.15163,-155.90662
-1176.1117,-180.15163,-155.90662
-1173.8651,-194.25232,-155.90662
-1172.2736,-203.63737,-155.90662
-1169.7454,-217.6903,-155.90662
-1167.9664,-227.04164,-155.90662
-1169.1532,-227.27234,-146.38379
-1171.7963,-213.22581,-146.38379
-1174.2706,-199.14857,-146.38379
-1176.5759,-185.04268,-146.38379
-1177.3068,-180.33469,-146.38379
-1179.386,-166.1937,-146.38379
-1180.6779,-156.75296,-146.38379
-1186.6144,-162.37405,-74.70617
-1184.9722,-171.81784,-79.4959
-1184.3049,-171.7211,-89.07148
-1183.9429,-171.66861,-93.85716
-1182.7432,-171.49464,-108.20491
-1182.3054,-171.43118,-112.98413
-1181.373,-171.29599,-122.53707
-1180.3652,-171.14987,-132.08217
-1179.1392,-175.79083,-136.8516
-1180.6783,-176.02032,-122.53707
-1182.0476,-176.22446,-108.20491
-1182.866,-176.34645,-98.64135
-1183.6085,-176.45715,-89.07148
-1184.2754,-176.55656,-79.4959
-1184.8665,-176.6447,-69.915245
-1185.3817,-176.72153,-60.33011
-1183.93,-186.19926,-60.33011
-1182.4025,-195.66508,-60.33011
-1180.7993,-205.1184,-60.33011
-1179.1205,-214.55856,-60.33011
-1177.3662,-223.985,-60.33011
-1175.5366,-233.3971,-60.33011
-1175.9723,-233.4836,-50.74112
-1177.8026,-224.06802,-50.74112
-1179.5575,-214.63809,-50.74112
-1179.5575,-214.63809,-50.74112
-1181.2369,-205.19441,-50.74112
-1182.8407,-195.7376,-50.74112
-1185.1045,-181.5291,-50.74112
-1183.6143,-191.00447,-50.74112
-1177.2577,-228.84778,-41.148876
-1178.4493,-224.19106,-31.554003
-1180.2052,-214.75595,-31.554003
-1180.4927,-214.80826,-17.1581
-1182.9855,-200.62656,-17.1581
-1183.0829,-200.64308,-7.5593305
-1183.1033,-200.64653,-2.759726
-1178.6075,-137.32613,178.95699
-1177.4712,-146.75093,178.95699
-1176.2595,-156.16635,178.95699
-1174.9724,-165.57176,178.95699
-1173.6102,-174.96657,178.95699
-1172.1729,-184.3502,178.95699
-1169.8762,-198.40332,178.95699
-1168.2515,-207.75632,178.95699
-1166.552,-217.09602,178.95699
-1164.7778,-226.42183,178.95699
-1162.9291,-235.73314,178.95699
-1161.9768,-240.38318,178.95699
-1160.0166,-249.67162,178.95699
-1159.3076,-249.51903,183.70152
-1161.2667,-240.23625,183.70152
-1164.066,-226.28345,183.70152
-1165.8391,-216.96333,183.70152
-1168.3588,-202.95734,183.70152
-1169.1613,-198.28206,183.70152
-1170.7102,-188.92209,183.70152
-1172.1841,-179.55002,183.70152
-1173.583,-170.16646,183.70152
-1173.583,-170.16646,183.70152
-1174.2543,-165.47057,183.70152
-1176.1555,-151.36728,183.70152
-1176.1555,-151.36728,183.70152
-1176.59,-141.86375,188.44312
-1174.8029,-155.97295,188.44312
-1173.5173,-165.36671,188.44312
-1172.1569,-174.7499,188.44312
-1172.1569,-174.7499,188.44312
-1170.7213,-184.1219,188.44312
-1169.2108,-193.4821,188.44312
-1167.6255,-202.82996,188.44312
-1166.8047,-207.49902,188.44312
-1165.9655,-212.1648,188.44312
-1165.1074,-216.82716,188.44312
-1164.2307,-221.48607,188.44312
-1162.4215,-230.79315,188.44312
-1162.4215,-230.79315,188.44312
-1161.4889,-235.4412,188.44312
-1159.5682,-244.7259,188.44312
-1159.0247,-239.77243,197.9172
-1160.9058,-230.49222,197.9172
-1162.7126,-221.19727,197.9172
-1162.7126,-221.19727,197.9172
-1165.2833,-207.22847,197.9172
-1167.6863,-193.22983,197.9172
-1169.1947,-183.88182,197.9172
-1170.6284,-174.52203,197.9172
-1171.9872,-165.1511,197.9172
-1172.6384,-160.46161,197.9172
-1173.8846,-151.07503,197.9172
-1167.5934,-183.62996,207.3786
-1166.0869,-192.96516,207.3786
-1164.5059,-202.28802,207.3786
-1162.8502,-211.59793,207.3786
-1161.1201,-220.8943,207.3786
-1161.6971,-245.17522,174.20958
-1163.6213,-235.87346,174.20958
-1165.4712,-226.55661,174.20958
-1166.3682,-221.8927,174.20958
-1168.1061,-212.55432,174.20958
-1168.9469,-207.87997,174.20958
-1170.5726,-198.52141,174.20958
-1172.1234,-189.15015,174.20958
-1173.5991,-179.76677,174.20958
-1174.9998,-170.37187,174.20958
-1175.6719,-165.67032,174.20958
-1175.6719,-165.67032,174.20958
-1176.9597,-156.25931,174.20958
-1177.6411,-156.34978,169.45941
-1177.0062,-161.05928,169.45941
-1175.68,-170.47052,169.45941
-1174.2786,-179.87085,169.45941
-1172.802,-189.25964,169.45941
-1172.0355,-193.94954,169.45941
-1170.4464,-203.31998,169.45941
-1169.6237,-208.00034,169.45941
-1168.7823,-212.67738,169.45941
-1167.0433,-222.02116,169.45941
-1165.2299,-231.35074,169.45941
-1164.295,-236.01001,169.45941
-1162.3696,-245.31715,169.45941
-1163.6588,-245.58922,159.95097
-1164.8734,-245.84558,150.43231
-1165.4529,-245.96786,145.66933
-1166.5557,-246.2006,136.13646
-1168.4879,-236.85994,136.13646
-1170.3456,-227.50412,136.13646
-1172.1282,-218.13374,136.13646
-1172.9913,-213.44328,136.13646
-1172.9913,-213.44328,136.13646
-1174.6615,-204.05219,136.13646
-1174.6615,-204.05219,136.13646
-1177.0255,-189.94122,136.13646
-1179.2201,-175.80292,136.13646
-1181.2449,-161.6393,136.13646
-1182.5002,-152.18384,136.13646
-1180.1282,-161.4865,145.66933
-1178.7985,-170.92268,145.66933
-1177.3933,-180.34796,145.66933
-1175.9128,-189.76166,145.66933
-1175.1444,-194.464,145.66933
-1173.551,-203.85928,145.66933
-1171.8826,-213.2415,145.66933
-1170.139,-222.61008,145.66933
-1168.3207,-231.9644,145.66933
-1166.4274,-241.30388,145.66933
-1165.8475,-241.18391,150.43231
-1166.803,-236.51839,150.43231
-1168.6578,-227.17607,150.43231
-1170.438,-217.8192,150.43231
-1172.1431,-208.44838,150.43231
-1173.7732,-199.06422,150.43231
-1175.3282,-189.66733,150.43231
-1176.0775,-184.9643,150.43231
-1177.5197,-175.54941,150.43231
-1179.5415,-161.40622,150.43231
-1180.1777,-156.68655,150.43231
-1178.9471,-156.52316,159.95097
-1177.6571,-165.95007,159.95097
-1176.9839,-170.65958,159.95097
-1176.2917,-175.36635,159.95097
-1175.5809,-180.07033,159.95097
-1174.1027,-189.46954,159.95097
-1172.5492,-198.85664,159.95097
-1170.9208,-208.23102,159.95097
-1170.0785,-212.91324,159.95097
-1169.2174,-217.59206,159.95097
-1168.3376,-222.2674,159.95097
-1167.4392,-226.93918,159.95097
-1166.5221,-231.60732,159.95097
-1164.6318,-240.93242,159.95097
-1166.0845,-250.97763,131.36671
-1167.5839,-246.41762,126.59487
-1169.518,-237.06873,126.59487
-1172.2786,-223.01712,126.59487
-1173.1614,-218.32602,126.59487
-1174.8705,-208.9334,126.59487
-1176.5044,-199.5274,126.59487
-1178.063,-190.10864,126.59487
-1180.2595,-175.95787,126.59487
-1180.954,-171.23523,126.59487
-1182.2861,-161.78177,126.59487
-1183.5425,-152.31798,126.59487
-1184.509,-152.44237,117.04519
-1182.5944,-166.64581,117.04519
-1182.5944,-166.64581,117.04519
-1181.9183,-171.37506,117.04519
-1181.9183,-171.37506,117.04519
-1180.5095,-180.82527,117.04519
-1180.5095,-180.82527,117.04519
-1179.025,-190.26389,117.04519
-1177.4651,-199.69034,117.04519
-1175.8298,-209.10402,117.04519
-1174.1194,-218.5043,117.04519
-1172.3337,-227.89061,117.04519
-1171.4127,-232.57832,117.04519
-1169.5145,-241.94252,117.04519
-1168.5374,-246.61885,117.04519
-1169.4161,-246.8043,107.488014
-1168.4194,-251.4802,107.488014
-1170.3939,-242.12447,107.488014
-1172.2936,-232.75322,107.488014
-1173.2153,-228.06198,107.488014
-1173.2153,-228.06198,107.488014
-1175.0023,-218.66862,107.488014
-1176.7141,-209.26126,107.488014
-1177.5417,-204.55254,107.488014
-1178.3506,-199.8405,107.488014
-1179.9116,-190.40697,107.488014
-1180.6638,-185.6856,107.488014
-1180.6638,-185.6856,107.488014
-1180.6638,-185.6856,107.488014
-1182.1117,-176.234,107.488014
-1183.4836,-166.77112,107.488014
-1184.78,-157.29758,107.488014
-1186.2146,-152.66185,97.92396
-1185.8167,-152.61064,102.70681
-1184.9553,-162.14702,97.92396
-1183.6201,-171.62181,97.92396
-1181.4755,-185.81323,97.92396
-1180.7227,-190.53784,97.92396
-1179.1605,-199.97787,97.92396
-1177.523,-209.4051,97.92396
-1177.523,-209.4051,97.92396
-1176.6759,-214.11374,97.92396
-1175.8099,-218.81892,97.92396
-1174.0217,-228.21875,97.92396
-1172.1583,-237.60394,97.92396
-1169.2227,-251.65305,97.92396
-1171.1985,-242.2909,97.92396
-1170.5939,-247.05287,93.13954
-1172.5328,-237.67987,93.13954
-1173.4742,-232.98764,93.13954
-1176.1857,-218.88885,93.13954
-1177.8992,-209.47202,93.13954
-1178.7278,-204.75854,93.13954
-1180.3281,-195.32182,93.13954
-1180.3281,-195.32182,93.13954
-1181.1,-190.59874,93.13954
-1182.587,-181.14351,93.13954
-1183.9984,-171.67667,93.13954
-1183.9984,-171.67667,93.13954
-1183.9984,-171.67667,93.13954
-1185.334,-162.19884,93.13954
-1186.5936,-152.71065,93.13954
-1186.0342,-162.29466,83.56632
-1184.6979,-171.77809,83.56632
-1184.0012,-176.51572,83.56632
-1182.5511,-185.98242,83.56632
-1181.0255,-195.43721,83.56632
-1179.4241,-204.87952,83.56632
-1177.7473,-214.30869,83.56632
-1175.0907,-228.42654,83.56632
-1172.2649,-242.5115,83.56632
-1170.2872,-251.88219,83.56632
-1171.603,-247.26585,78.77766
-1172.5828,-242.57726,78.77766
-1172.5828,-242.57726,78.77766
-1174.486,-233.18849,78.77766
-1174.486,-233.18849,78.77766
-1176.3138,-223.7848,78.77766
-1178.0667,-214.36679,78.77766
-1179.7439,-204.93506,78.77766
-1181.3457,-195.4902,78.77766
-1183.6066,-181.29967,78.77766
-1185.0192,-171.82466,78.77766
-1186.6586,-162.3801,73.98775
-1187.2986,-157.63196,73.98775
-1185.3215,-171.8685,73.98775
-1183.9086,-181.34592,73.98775
-1182.4199,-190.81172,73.98775
-1180.8555,-200.26532,73.98775
-1179.2155,-209.7061,73.98775
-1178.3672,-214.4215,73.98775
-1176.614,-223.8419,73.98775
-1175.7092,-228.54678,73.98775
-1173.8431,-237.94548,73.98775
-1172.1821,-247.38808,69.19665
-1172.6862,-247.49446,59.611206
-1173.1152,-247.585,50.021946
-1173.4692,-247.65971,40.429485
-1173.618,-247.69113,35.63225
-1173.8595,-247.74208,26.03614
-1173.9519,-247.76158,21.237423
-1174.0807,-247.78876,11.639046
-1174.1342,-247.80005,2.0399227
-1174.1342,-247.80005,2.0399227
-1174.0159,-247.77507,-17.1581
-1174.1327,-247.79974,-2.759726
-1173.9392,-247.75891,-21.957111
-1175.0554,-243.08879,-12.358814
-1175.1146,-243.10103,-2.759726
-1175.0985,-243.09772,6.8395386
-1175.0074,-243.07887,16.438366
-1174.8411,-243.04445,26.03614
-1174.5995,-242.99448,35.63225
-1174.0962,-242.89037,50.021946
-1173.6669,-242.80153,59.611206
-1173.424,-242.75128,64.40444
-1175.3285,-233.35577,64.40444
-1175.7963,-233.44865,54.817013
-1176.0018,-233.48947,50.021946
-1176.1887,-233.52658,45.22608
-1176.6364,-233.61545,30.834442
-1176.8406,-233.656,21.237423
-1176.9146,-233.67068,16.438366
-1176.9146,-233.67068,16.438366
-1177.0059,-233.68881,6.8395386
-1177.0233,-233.69228,2.0399227
-1178.8015,-224.25806,11.639046
-1178.6722,-224.23346,21.237423
-1178.4677,-224.19455,30.834442
-1178.1876,-224.14128,40.429485
-1177.8322,-224.07365,50.021946
-1177.1577,-223.94534,64.40444
-1177.4015,-223.9917,59.611206
-1178.9117,-214.52058,64.40444
-1179.381,-214.60596,54.817013
-1179.381,-214.60596,54.817013
-1179.7747,-214.6776,45.22608
-1179.9431,-214.70827,40.429485
-1180.2236,-214.7593,30.834442
-1180.4285,-214.79657,21.237423
-1180.558,-214.82013,11.639046
-1182.1091,-205.34593,21.237423
-1181.9039,-205.31029,30.834442
-1181.6232,-205.2615,40.429485
-1181.4543,-205.2322,45.22608
-1181.4543,-205.2322,45.22608
-1181.0602,-205.16371,54.817013
-1180.3271,-205.03638,69.19665
-1181.4011,-200.35786,64.40444
-1181.8713,-200.4376,54.817013
-1182.2659,-200.50452,45.22608
-1182.4347,-200.53314,40.429485
-1182.7157,-200.58081,30.834442
-1182.921,-200.61563,21.237423
-1184.5626,-191.15752,16.438366
-1184.3949,-191.13045,26.03614
-1184.1514,-191.09114,35.63225
-1183.8322,-191.03963,45.22608
-1183.4371,-190.97588,54.817013
-1183.2112,-190.93942,59.611206
-1182.7026,-190.85735,69.19665
-1184.1917,-181.38928,69.19665
-1184.4557,-181.42972,64.40444
-1184.4557,-181.42972,64.40444
-1184.7008,-181.46729,59.611206
-1185.1343,-181.53368,50.021946
-1185.492,-181.58846,40.429485
-1185.7737,-181.6316,30.834442
-1185.8861,-181.64883,26.03614
-1185.9795,-181.66315,21.237423
-1186.0541,-181.67456,16.438366
-1187.4696,-172.17996,16.438366
-1187.3949,-172.16914,21.237423
-1187.3014,-172.1556,26.03614
-1187.0573,-172.12018,35.63225
-1186.7372,-172.07378,45.22608
-1186.3412,-172.01636,54.817013
-1185.8693,-171.94792,64.40444
-1185.3215,-171.8685,73.98775
-1186.9423,-162.41891,69.19665
-1187.4526,-162.48875,59.611206
-1187.4526,-162.48875,59.611206
-1187.6794,-162.51979,54.817013
-1187.8871,-162.5482,50.021946
-1188.2456,-162.59726,40.429485
-1188.3962,-162.61787,35.63225
-1188.528,-162.6359,30.834442
-1188.6406,-162.65132,26.03614
-1188.7343,-162.66414,21.237423
-1188.8646,-162.68198,11.639046
-1189.506,-157.92502,11.639046
-1189.3755,-157.9077,21.237423
-1189.1691,-157.88028,30.834442
-1188.8865,-157.84277,40.429485
-1188.7167,-157.82024,45.22608
-1188.3201,-157.76756,54.817013
-1188.0931,-157.73744,59.611206
-1187.8473,-157.7048,64.40444
-1189.5587,-157.93202,-2.759726
-1189.5382,-157.9293,-7.5593305
-1189.5382,-157.9293,-7.5593305
-1189.4988,-157.92407,-12.358814
-1189.3627,-157.90599,-21.957111
-1189.3627,-157.90599,-21.957111
-1189.1505,-157.87782,-31.554003
-1188.8623,-157.83955,-41.148876
-1188.4979,-157.79118,-50.74112
-1188.0576,-157.73273,-60.33011
-1187.5411,-157.66415,-69.915245
-1186.9009,-162.41325,-69.915245
-1187.6466,-162.5153,-55.53606
-1187.8572,-162.54411,-50.74112
-1188.2213,-162.59395,-41.148876
-1188.5094,-162.63336,-31.554003
-1188.7214,-162.66238,-21.957111
-1188.8575,-162.681,-12.358814
-1188.9174,-162.6892,-2.759726
-1187.5616,-172.19331,6.8395386
-1186.8633,-176.9424,6.8395386
-1185.4098,-186.43199,6.8395386
-1185.4274,-186.43475,2.0399227
-1185.4055,-186.43132,-7.5593305
-1185.0192,-186.37056,-31.554003
-1185.6208,-181.60822,-36.35173
-1187.0359,-172.11708,-36.35173
-1187.2856,-172.1533,-26.755772
-1186.3085,-172.01161,-55.53606
-1186.7102,-172.06985,-45.945366
-1185.5636,-171.90361,-69.915245
-1185.6407,-162.24083,-89.07148
-1184.897,-162.13905,-98.64135
-1183.639,-161.96692,-112.98413
-1182.8483,-157.0411,-127.31064
-1181.8009,-156.90204,-136.8516
-1165.9161,-150.04951,-241.09026
-1167.7917,-150.2909,-231.67906
-1169.5924,-150.52264,-222.25304
-1168.3507,-159.8749,-222.25304
-1166.552,-159.62875,-231.67906
-1164.6785,-159.37238,-241.09026
-1162.7305,-159.10583,-250.48601
-1161.4204,-168.40291,-250.48601
-1163.3662,-168.68504,-241.09026
-1165.2375,-168.95639,-231.67906
-1167.0343,-169.21692,-222.25304
-1159.4001,-168.10999,-259.86572
-1158.7184,-172.74644,-259.86572
-1158.0182,-177.38014,-259.86572
-1157.2993,-182.011,-259.86572
-1155.8062,-191.2639,-259.86572
-1154.239,-200.50458,-259.86572
-1152.598,-209.7324,-259.86572
-1151.7498,-214.34131,-259.86572
-1150.8832,-218.94681,-259.86572
-1149.0947,-228.14719,-259.86572
-1147.019,-227.73508,-269.22885
-1149.6693,-213.95413,-269.22885
-1150.516,-209.35355,-269.22885
-1152.154,-200.14238,-269.22885
-1147.9208,-223.14497,-269.22885
-1147.5153,-213.55327,-278.5747
-1146.6517,-218.14182,-278.5747
-1145.77,-222.72688,-278.5747
-1143.9514,-231.88625,-278.5747
-1142.0597,-241.03076,-278.5747
-1144.4259,-217.71835,-287.90274
-1143.5458,-222.29451,-287.90274
-1142.6475,-226.86711,-287.90274
-1140.7959,-236.00137,-287.90274
-1139.8427,-240.56287,-287.90274
-1138.8712,-245.1205,-287.90274
-1141.2485,-221.84796,-297.21237
-1140.352,-226.41138,-297.21237
-1138.5042,-235.52728,-297.21237
-1136.5835,-244.62808,-297.21237
-1133.2372,-248.65515,-306.503
-1135.1903,-239.58098,-306.503
-1137.0707,-230.49146,-306.503
-1132.7549,-239.06699,-315.774
-1130.806,-248.1217,-315.774
-1128.3026,-247.5724,-325.02475
-1125.0094,-256.3004,-329.64243
-1122.9229,-265.2926,-329.64243
-1125.4532,-265.8904,-320.40195
-1130.0072,-257.43903,-311.14096
-1170.2651,-227.4885,-136.8516
-1171.3024,-227.69012,-127.31064
-1171.7928,-227.78546,-122.53707
-1172.7177,-227.96524,-112.98413
-1173.964,-228.20752,-98.64135
-1174.7009,-228.35077,-89.07148
-1175.3627,-228.47942,-79.4959
-1175.9493,-228.59346,-69.915245
-1174.0829,-237.99408,-69.915245
-1178.6079,-214.46529,-69.915245
-1180.286,-205.02922,-69.915245
-1181.8885,-195.58002,-69.915245
-1183.4153,-186.11832,-69.915245
-1183.1296,-186.0734,-74.70617
-1182.5013,-185.97458,-84.28436
-1181.7975,-185.86389,-93.85716
-1181.0181,-185.74129,-103.42395
-1180.6,-185.67554,-108.20491
-1180.1631,-185.60683,-112.98413
-1179.2324,-185.46046,-122.53707
-1178.2264,-185.30225,-132.08217
-1177.695,-185.21867,-136.8516
-1176.1755,-194.63463,-136.8516
-1174.5808,-204.03816,-136.8516
-1172.9108,-213.42862,-136.8516
-1173.9503,-213.61778,-127.31064
-1174.9148,-213.79327,-117.761536
-1175.804,-213.95508,-108.20491
-1176.9967,-214.1721,-93.85716
-1178.0199,-214.35829,-79.4959
-1179.6971,-204.92694,-79.4959
-1178.6725,-204.74893,-93.85716
-1177.895,-204.61389,-103.42395
-1177.478,-204.54146,-108.20491
-1176.5875,-204.38676,-117.761536
-1175.6218,-204.21901,-127.31064
-1177.218,-194.80714,-127.31064
-1178.185,-194.96718,-117.761536
-1179.0768,-195.11473,-108.20491
-1179.8931,-195.24982,-98.64135
-1180.6337,-195.37238,-89.07148
-1180.9757,-195.42897,-84.28436
-1181.2988,-195.48245,-79.4959
-1160.036,-177.68922,-250.48601
-1161.0168,-177.83948,-245.79008
-1161.9794,-177.98691,-241.09026
-1158.5773,-186.96416,-250.48601
-1157.8202,-191.59717,-250.48601
-1168.682,-212.65913,-170.17197
-1166.5891,-212.27829,-184.41281
-1161.7017,-225.82384,-198.6271
-1159.2787,-225.35283,-212.8128
-1157.4386,-234.62018,-212.8128
-1155.733,-234.27444,-222.25304
-1153.8219,-243.51315,-222.25304
-1151.0636,-247.74467,-231.67906
-1149.215,-247.34679,-241.09026
-1148.2163,-251.94188,-241.09026
-1146.2959,-251.52051,-250.48601
-1143.2885,-255.65839,-259.86572
-1139.0851,-254.71843,-278.5747
-1135.741,-253.97064,-292.5599
-1117.4993,-292.49652,-325.02475
-1159.6355,-269.07297,-151.14641
-1159.1256,-278.74576,-136.8516
-1157.8839,-288.26544,-127.31064
-1159.5131,-283.75015,-122.53707
-1159.9799,-283.8644,-117.761536
-1160.8578,-284.07922,-108.20491
-1161.6255,-192.22688,-231.67906
-1164.2845,-192.6669,-217.53467
-1166.5127,-178.6813,-217.53467
-1168.1953,-178.93904,-208.08754
-1172.6466,-165.24402,-193.89207
-1170.2585,-164.90749,-208.08754
-1156.4146,-205.65128,-245.79008
-1162.7358,-206.77544,-212.8128
-1167.4288,-207.61002,-184.41281
-1171.3474,-184.22038,-184.41281
-1156.1222,-263.38855,-184.41281
-1152.8782,-277.24338,-184.41281
-1150.6233,-286.4579,-184.41281
-1090.0243,-460.86237,-198.6271
-1017.83417,-566.67926,-287.90274
-1010.1905,-573.0583,-301.8601
-1018.8411,-610.74066,-170.17197
-1019.9761,-611.421,-160.66434
-1020.51917,-611.7465,-155.90662
-1015.5924,-619.8914,-155.90662
-1015.5924,-619.8914,-155.90662
-1014.49536,-619.2218,-165.41946
-1013.3334,-618.5126,-174.92174
-1008.93884,-626.96405,-170.17197
-1009.50885,-627.3183,-165.41946
-1010.6005,-627.99664,-155.90662
-1004.4578,-635.3746,-165.41946
-1005.54407,-636.06165,-155.90662
-992.622,-656.0449,-155.90662
-996.24963,-652.73157,-146.38379
-1001.4397,-644.74036,-146.38379
-1001.92395,-645.0521,-141.61882
-1002.3922,-645.3536,-136.8516
-1003.28064,-645.9256,-127.31064
-1004.1048,-646.4562,-117.761536
-998.4989,-654.2053,-122.53707
-998.081,-653.93146,-127.31064
-997.64716,-653.6472,-132.08217
-997.64716,-653.6472,-132.08217
-996.7313,-653.04724,-141.61882
-990.99567,-660.68097,-146.38379
-991.93823,-661.3094,-136.8516
-992.3858,-661.6078,-132.08217
-992.8174,-661.8955,-127.31064
-993.633,-662.4392,-117.761536
-994.017,-662.69525,-112.98413
-994.385,-662.9406,-108.20491
-994.385,-662.9406,-108.20491
-995.0734,-663.39954,-98.64135
-995.69806,-663.816,-89.07148
-987.49023,-669.81714,-127.31064
-988.30145,-670.3674,-117.761536
-988.6834,-670.62646,-112.98413
-989.04944,-670.87476,-108.20491
-989.39966,-671.1123,-103.42395
-989.73413,-671.3392,-98.64135
-990.3554,-671.7606,-89.07148
-990.9134,-672.13904,-79.4959
-983.28656,-678.5147,-112.98413
-983.28656,-678.5147,-112.98413
-983.6506,-678.7659,-108.20491
-983.9989,-679.0063,-103.42395
-984.33154,-679.23584,-98.64135
-984.94946,-679.66223,-89.07148
-985.5044,-680.0451,-79.4959
-985.9963,-680.3846,-69.915245
-986.4251,-680.6805,-60.33011
-980.94794,-688.5504,-60.33011
-980.7425,-688.4062,-65.1232
-980.2848,-688.08496,-74.70617
-979.7643,-687.71954,-84.28436
-979.1811,-687.3102,-93.85716
-978.866,-687.08905,-98.64135
-978.5352,-686.8569,-103.42395
-978.18884,-686.6137,-108.20491
-973.00885,-694.6634,-103.42395
-973.33777,-694.89825,-98.64135
-973.9488,-695.3345,-89.07148
-986.7907,-680.93274,-50.74112
-987.0932,-681.1415,-41.148876
-987.42847,-681.37286,-26.755772
-987.57306,-681.4726,-17.1581
-981.3115,-688.8056,-50.74112
-981.61237,-689.0168,-41.148876
-981.73914,-689.1058,-36.35173
-981.9458,-689.2508,-26.755772
-982.0255,-689.30676,-21.957111
-982.13794,-689.3857,-12.358814
-982.1874,-689.42035,-2.759726
-976.5431,-697.18665,-17.1581
-976.6236,-697.2441,-7.5593305
-976.6404,-697.25604,-2.759726
-976.64154,-697.2569,2.0399227
-976.6271,-697.2466,6.8395386
-971.0176,-705.03754,6.8395386
-968.1598,-708.89435,11.639046
-968.0536,-708.8166,21.237423
-967.7783,-708.61505,35.63225
-967.5174,-708.424,45.22608
-961.8189,-716.1418,45.22608
-961.8189,-716.1418,45.22608
-961.95624,-716.2441,40.429485
-967.88556,-708.69354,30.834442
-973.8002,-701.1261,11.639046
-973.69336,-701.0492,21.237423
-973.52435,-700.92755,30.834442
-973.293,-700.761,40.429485
-973.15405,-700.6609,45.22608
-972.99945,-700.54956,50.021946
-961.4979,-715.9028,54.817013
-955.35956,-723.28424,64.40444
-958.2451,-719.45685,64.40444
-957.80255,-719.1246,73.98775
-957.5582,-718.9411,78.77766
-957.0236,-718.53973,88.35364
-956.7334,-718.32184,93.13954
-956.10693,-717.85144,102.70681
-955.4194,-717.33527,112.267494
-955.0526,-717.0599,117.04519
-954.2733,-716.4748,126.59487
-954.2733,-716.4748,126.59487
-953.4329,-715.8438,136.13646
-950.5618,-719.652,136.13646
-949.6632,-718.9717,145.66933
-948.7038,-718.2453,155.19289
-942.92725,-725.8123,155.19289
-946.60284,-716.6547,174.20958
-943.72845,-720.4356,174.20958
-950.5461,-713.67633,164.70651
-952.30597,-709.0587,174.20958
-957.9481,-701.4173,174.20958
-963.52905,-693.73096,174.20958
-969.0483,-686.0003,174.20958
-969.6093,-686.39746,169.45941
-972.8942,-682.8973,164.70651
-975.6181,-679.00006,164.70651
-978.3264,-675.092,164.70651
-983.696,-667.2435,164.70651
-983.143,-666.8684,169.45941
-981.9896,-666.08606,178.95699
-987.2871,-658.20856,178.95699
-986.06445,-657.39343,188.44312
-984.7787,-656.53625,197.9172
-986.72876,-652.1499,202.64952
-982.3879,-649.28094,230.97275
-980.815,-648.2414,240.38506
-979.1794,-647.1604,249.782
-977.48114,-646.03796,259.16296
-982.61835,-638.1972,259.16296
-953.14777,-640.9705,347.37054
-958.2452,-633.3245,347.37054
-960.92017,-624.1045,356.5476
-983.91174,-684.77216,54.817013
-989.68884,-677.1046,45.22608
-984.38074,-685.0986,40.429485
-981.95874,-689.2599,26.03614
-993.07526,-673.60547,-7.5593305
-967.39966,-690.6588,164.70651
-967.39966,-690.6588,164.70651
-961.84326,-698.3762,164.70651
-953.39325,-709.8683,164.70651
-957.2546,-706.80896,155.19289
-958.22266,-707.52374,145.66933
-958.22266,-707.52374,145.66933
-959.12933,-708.19324,136.13646
-960.37445,-709.1126,121.82101
-961.4812,-709.92975,107.488014
-962.1421,-710.4177,97.92396
-962.4495,-710.6448,93.13954
-962.7415,-710.86035,88.35364
-963.0181,-711.06464,83.56632
-963.525,-711.4389,73.98775
-963.75543,-711.609,69.19665
-964.16986,-711.915,59.611206
-959.55975,-708.51105,131.36671
-954.9098,-710.9975,150.43231
-953.91406,-710.25604,159.95097
-945.3221,-721.6521,159.95097
-939.5184,-729.1919,159.95097
-941.3838,-724.62427,169.45941
-947.68365,-717.47296,164.70651
-944.80597,-721.2581,164.70651
-903.6409,-618.2342,491.14114
-908.5581,-610.985,491.14114
-913.41705,-603.69666,491.14114
-870.8916,-621.7585,543.1062
-875.838,-614.77124,543.1062
-880.7283,-607.7446,543.1062
-885.5622,-600.6791,543.1062
-890.33954,-593.57513,543.1062
-895.0598,-586.43317,543.1062
-902.0327,-575.64996,543.1062
-906.60925,-568.41504,543.1062
-911.1276,-561.1437,543.1062
-916.6108,-564.5206,530.22754
-914.3452,-568.1827,530.22754
-909.7704,-575.47955,530.22754
-905.1372,-582.7395,530.22754
-902.79895,-586.3556,530.22754
-900.4462,-589.9623,530.22754
-895.6975,-597.1472,530.22754
-893.3017,-600.72534,530.22754
-888.4671,-607.85284,530.22754
-883.5757,-614.94135,530.22754
-881.10876,-618.47095,530.22754
-878.6277,-621.99054,530.22754
-876.8897,-620.7602,534.52905
-881.8279,-613.725,534.52905
-917.04407,-559.74005,534.52905
-909.6275,-555.2132,551.6486
-911.50354,-556.3583,547.3818
-909.946,-550.42365,555.9066
-914.3204,-543.1262,555.9066
-916.48566,-539.4644,555.9066
-918.6363,-535.794,555.9066
-920.5496,-536.91,551.6486
-916.2247,-544.25745,551.6486
-918.1143,-545.3799,547.3818
-915.92535,-549.04816,547.3818
-922.4482,-538.0173,547.3818
-922.4482,-538.0173,547.3818
-920.28864,-541.70294,547.3818
-917.7959,-550.16943,543.1062
-924.33203,-539.1161,543.1062
-919.9893,-546.4937,543.1062
-921.8495,-547.5987,538.8219
-919.6516,-551.28186,538.8219
-924.03265,-543.90674,538.8219
-910.22614,-545.6318,560.1557
-918.8398,-530.9983,560.1557
-916.7083,-534.66956,560.1557
-910.46796,-540.83777,564.3959
-908.5198,-539.68054,568.627
-910.6713,-536.042,568.627
-906.7223,-533.71747,577.0619
-902.71515,-531.35876,585.45984
-904.83344,-527.7435,585.45984
-906.93726,-524.1199,585.45984
-909.0266,-520.48773,585.45984
-911.1013,-516.8473,585.45984
-911.1128,-512.04724,589.64484
-911.086,-507.24722,593.8203
-913.1078,-503.59866,593.8203
-915.01135,-495.1431,597.9864
-918.9433,-487.80692,597.9864
-920.88727,-484.12704,597.9864
-924.73096,-476.7442,597.9864
-926.6306,-473.04132,597.9864
-930.38544,-465.61288,597.9864
-934.37616,-462.9456,593.8203
-938.60266,-465.0396,585.45984
-942.2931,-457.51562,585.45984
-946.2187,-454.75333,581.2655
-950.12213,-451.95975,577.0619
-953.7075,-444.34402,577.0619
-959.63873,-442.4441,568.627
-957.8612,-446.2793,568.627
-956.06836,-450.10733,568.627
-952.43677,-457.74176,568.627
-948.5446,-460.55096,572.84906
-944.8297,-468.12488,572.84906
-942.7691,-467.1039,577.0619
-939.00195,-474.63138,577.0619
-936.9345,-473.5864,581.2655
-932.95447,-476.26962,585.45984
-934.8522,-472.5338,585.45984
-929.1143,-483.71826,585.45984
-925.2147,-491.136,585.45984
-921.25586,-498.52225,585.45984
-919.25433,-502.20346,585.45984
-919.2812,-507.00342,581.2655
-917.2457,-510.67667,581.2655
-919.2697,-511.8035,577.0619
-917.14594,-520.27625,572.84906
-921.279,-512.9222,572.84906
-912.9543,-527.59705,572.84906
-914.93066,-528.73926,568.627
-916.89264,-529.87305,564.3959
-921.10236,-522.5206,564.3959
-917.14594,-520.27625,572.84906
-929.2372,-488.51675,581.2655
-919.189,-497.40378,589.64484
-919.0854,-492.60486,593.8203
-899.7228,-579.2536,543.1062
-899.7228,-579.2536,543.1062
-897.39844,-582.848,543.1062
-886.2526,-622.0815,517.2726
-882.83746,-619.6843,525.91766
-887.7668,-612.6015,525.91766
-892.63934,-605.47955,525.91766
-895.0543,-601.904,525.91766
-898.5167,-604.23236,517.2726
-893.6539,-611.4014,517.2726
-888.73395,-618.5313,517.2726
-879.55646,-627.94464,521.5993
-877.8515,-626.7274,525.91766
-874.39954,-624.26294,534.52905
-1153.904,-214.74223,249.782
-1154.5923,-205.32722,254.47453
-1152.5511,-204.96425,263.84726
-1153.5625,-186.15489,273.2031
-1150.2433,-185.61926,287.20392
-1151.6914,-176.41104,287.20392
-1149.3837,-176.05754,296.51495
-1144.5475,-175.31676,315.0795
-1146.5688,-161.56926,315.0795
-1149.028,-161.91579,305.807
-1159.5542,-168.13232,259.16296
-1157.4531,-182.03519,259.16296
-1180.59,-214.82596,-7.5593305
-1178.8335,-224.26414,-7.5593305
-1177.0233,-233.69228,2.0399227
-1167.7959,-275.89392,11.639046
-1167.6678,-275.86368,21.237423
-1167.4651,-275.8158,30.834442
-1167.1877,-275.75024,40.429485
-1166.8356,-275.66705,50.021946
-1166.6316,-275.61887,54.817013
-1166.1675,-275.50922,64.40444
-1160.3112,-274.12564,136.13646
-1159.2142,-273.86652,145.66933
-1158.638,-273.73035,150.43231
-1157.4297,-273.44492,159.95097
-1154.0854,-272.65482,183.70152
-1182.4106,-200.52907,-41.148876
-1180.7686,-209.98228,-41.148876
-1181.0548,-210.03319,-31.554003
-1182.6973,-200.57768,-31.554003
