-131.2002,-206.16168,-1174.8549
-146.47528,-195.6045,-1174.8549
-140.83737,-188.07558,-1176.772
-126.15023,-198.22641,-1176.772
-119.74395,-202.16075,-1176.772
-105.7319,-209.82935,-1176.772
-909.1017,83.86872,-778.78125
-899.73126,83.00426,-789.6797
-883.82666,81.53699,-807.59033
-882.78467,92.13602,-807.59033
-885.018,67.386955,-807.59033
-875.2922,66.646416,-818.1821
-874.731,73.646034,-818.1821
-873.7844,84.1365,-818.1821
-862.12854,65.644104,-832.12103
-848.7442,64.625,-845.84686
-850.2207,40.839664,-845.84686
-849.6695,51.038387,-845.84686
-206.598,-4.9595366,-1182.0713
-216.04446,-5.1863055,-1180.3804
-225.4771,-5.4127426,-1178.6139
-239.59879,-5.7517443,-1175.8229
-197.19357,0.7888749,-1183.6866
-211.38213,0.8456364,-1181.2354
-225.54025,0.9022761,-1178.6139
-244.36688,0.97759223,-1174.8549
-225.49695,4.510389,-1178.6139
-211.34155,4.2272525,-1181.2354
-192.42068,3.8487976,-1184.466
-201.73254,8.881477,-1182.8884
-215.89757,9.505107,-1180.3804
-230.03154,10.127369,-1177.7024
-244.13235,10.748171,-1174.8549
-201.40486,14.525361,-1182.8884
-210.83623,15.205553,-1181.2354
-229.65788,16.562975,-1177.7024
-229.65788,16.562975,-1177.7024
-229.01042,23.901762,-1177.7024
-219.63313,22.923056,-1179.5066
-219.63313,22.923056,-1179.5066
-210.24184,21.942888,-1181.2354
-196.1298,20.47002,-1183.6866
-195.37454,26.734169,-1183.6866
-214.1115,29.29805,-1180.3804
-204.74956,28.017006,-1182.0713
-223.45973,30.57722,-1178.6139
-218.00597,35.179264,-1179.5066
-212.61569,38.686882,-1180.3804
-208.54788,34.509438,-1181.2354
-194.54956,32.19307,-1183.6866
-203.88501,33.73785,-1182.0713
-193.42004,38.40066,-1183.6866
-198.06226,39.322304,-1182.8884
-207.00117,42.820927,-1181.2354
-219.50027,51.854103,-1178.6139
-220.10666,49.21662,-1178.6139
-206.28963,46.127083,-1181.2354
-192.26924,43.80027,-1183.6866
-205.12337,51.06392,-1181.2354
-203.83897,55.971344,-1181.2354
-217.49187,59.720238,-1178.6139
-226.5765,62.214756,-1176.772
-223.33064,73.01382,-1176.772
-209.89369,68.62086,-1179.5066
-207.89044,74.46979,-1179.5066
-224.30649,84.42312,-1175.8229
-215.49638,81.10722,-1177.7024
-202.25551,76.1237,-1180.3804
-200.3706,80.95509,-1180.3804
-213.48808,86.25491,-1177.7024
-230.9299,93.301865,-1173.868
-229.40768,96.98438,-1173.868
-216.4178,91.492775,-1176.772
-199.04984,84.1503,-1180.3804
-186.26642,89.51065,-1182.0713
-199.037,95.647575,-1179.5066
-207.53493,99.73127,-1177.7024
-228.72041,109.911995,-1172.8624
-220.25671,105.84475,-1174.8549
-218.44832,98.59508,-1175.8229
-206.67172,90.31068,-1178.6139
-188.27449,96.10328,-1181.2354
-196.68454,100.39612,-1179.5066
-209.27585,106.823265,-1176.772
-221.83707,113.23504,-1173.868
-238.5353,121.75852,-1169.7333
-224.14249,118.969795,-1172.8624
-215.84819,114.567375,-1174.8549
-207.54008,110.157616,-1176.772
-203.38104,107.95009,-1177.7024
-190.88458,101.317245,-1180.3804
-187.97345,106.62122,-1180.3804
-204.37495,115.924385,-1176.772
-192.0785,108.94966,-1179.5066
-196.1805,111.27637,-1178.6139
-220.72417,125.19788,-1172.8624
-208.46733,118.245636,-1175.8229
-216.64201,122.88243,-1173.868
-228.87784,129.82277,-1170.795
-241.73357,144.88966,-1166.4355
-233.72263,140.08807,-1168.6527
-217.65637,130.45833,-1172.8624
-201.53441,120.79519,-1176.772
-185.36087,111.10113,-1180.3804
-198.57777,125.59641,-1176.772
-206.52711,130.6242,-1174.8549
-214.46323,135.64363,-1172.8624
-222.38562,140.65439,-1170.795
-219.52844,145.07336,-1170.795
-207.79243,137.31772,-1173.868
-196.02647,129.5423,-1176.772
-192.09816,126.94631,-1177.7024
-219.52844,145.07336,-1170.795
-224.90247,153.84995,-1168.6527
-229.70935,146.57608,-1168.6527
-220.5074,160.08565,-1168.6527
-224.2882,162.83046,-1167.5535
-226.22583,160.12753,-1167.5535
-230.0031,154.65294,-1167.5535
-232.44783,150.9535,-1167.5535
-234.83305,147.21545,-1167.5535
-237.73,142.49002,-1167.5535
-239.97916,138.66853,-1167.5535
-243.23753,132.87007,-1167.5535
-245.33209,128.96172,-1167.5535
-228.42682,172.91469,-1165.299
-232.5103,167.38359,-1165.299
-234.50195,164.58167,-1165.299
-237.74623,159.85939,-1165.299
-242.73882,152.17152,-1165.299
-245.73328,147.287,-1165.299
-233.69263,181.35239,-1162.97
-235.85184,178.5353,-1162.97
-237.27246,176.64291,-1162.97
-237.27246,176.64291,-1162.97
-240.75737,171.8628,-1162.97
-245.47418,165.05562,-1162.97
-249.36418,159.1177,-1162.97
-253.11055,153.08813,-1162.97
-254.56815,159.58727,-1161.7775
-251.98247,163.63947,-1161.7775
-249.33228,167.64978,-1161.7775
-245.9299,172.60219,-1161.7775
-237.36555,184.20267,-1161.7775
-243.1371,176.51454,-1161.7775
-240.07283,195.71153,-1159.3369
-243.9385,190.87161,-1159.3369
-245.45755,188.91415,-1159.3369
-250.64987,181.96872,-1159.3369
-253.52896,177.93549,-1159.3369
-260.44122,167.65546,-1159.3369
-259.63748,185.34023,-1156.8221
-263.29187,180.11115,-1156.8221
-266.13962,175.87592,-1156.8221
-254.34727,192.53598,-1156.8221
-252.79897,194.56442,-1156.8221
-248.05742,200.57457,-1156.8221
-243.99689,205.4949,-1156.8221
-248.51186,214.44673,-1154.2333
-251.9108,210.44356,-1154.2333
-257.70328,203.309,-1154.2333
-265.62677,192.84177,-1154.2333
-262.50766,197.06664,-1154.2333
-269.42996,187.49141,-1154.2333
-273.1254,182.06607,-1154.2333
-251.93437,224.5312,-1151.5706
-255.49422,220.47197,-1151.5706
-258.98865,216.35632,-1151.5706
-259.85193,215.31871,-1151.5706
-264.9439,209.02132,-1151.5706
-269.07077,203.68138,-1151.5706
-252.6216,230.64165,-1150.2117
-257.1833,225.54381,-1150.2117
-261.64212,220.35576,-1150.2117
-265.99628,215.07959,-1150.2117
-270.24408,209.71738,-1150.2117
-257.5056,238.90552,-1147.4385
-259.40845,236.838,-1147.4385
-265.01694,230.54506,-1147.4385
-268.6713,226.27576,-1147.4385
-268.6713,226.27576,-1147.4385
-274.02365,219.76358,-1147.4385
-278.3635,214.23993,-1147.4385
-259.89786,243.0665,-1146.0244
-263.75323,238.8775,-1146.0244
-268.4774,233.5554,-1146.0244
-272.17947,229.23036,-1146.0244
-276.709,223.7417,-1146.0244
-281.1279,218.16354,-1146.0244
-276.7467,265.12036,-1137.1554
-273.4601,261.97186,-1138.6792
-263.5743,252.50137,-1143.1411
-266.87387,255.66231,-1141.672
-270.92984,251.36009,-1141.672
-277.86032,243.6771,-1141.672
-286.45016,233.51913,-1141.672
-291.0626,227.74423,-1141.672
-278.83273,242.56378,-1141.672
-280.76416,240.32556,-1141.672
-292.56015,240.45432,-1138.6792
-288.67587,245.10396,-1138.6792
-284.7177,249.69087,-1138.6792
-279.66763,255.3345,-1138.6792
-268.1142,240.88216,-1144.5918
-271.93353,236.562,-1144.5918
-277.53177,229.96857,-1144.5918
-282.075,224.37274,-1144.5918
-312.75635,324.57666,-1112.1301
-319.18445,318.25748,-1112.1301
-324.23514,313.11038,-1112.1301
-331.65518,305.2399,-1112.1301
-337.69278,298.54666,-1112.1301
-324.65588,331.57605,-1106.6417
-328.611,327.65668,-1106.6417
-333.81085,322.35754,-1106.6417
-341.45004,314.25464,-1106.6417
-343.9529,311.51318,-1106.6417
-352.53873,301.7624,-1106.6417
-347.66595,307.36374,-1106.6417
-354.1767,339.2975,-1095.1877
-369.92062,354.38,-1085.1606
-363.64044,348.36365,-1089.2238
-350.08002,343.52277,-1095.1877
-398.1523,349.1704,-1076.8263
-396.4712,331.20773,-1083.1029
-392.46854,335.9411,-1083.1029
-367.1934,311.77026,-1099.0762
-383.1224,320.0563,-1091.2292
-388.19366,313.8861,-1091.2292
-206.41951,-9.915921,-1182.0713
-220.5718,-10.595764,-1179.5066
-234.69232,-11.274082,-1176.772
-253.4668,-12.175965,-1172.8624
-244.08737,-11.725399,-1174.8549
-210.7077,-16.893158,-1181.2354
-224.82066,-18.024643,-1178.6139
-238.90125,-19.15353,-1175.8229
-252.94743,-20.279661,-1172.8624
-262.29144,-21.028805,-1170.795
-261.71127,-27.317432,-1170.795
-252.38791,-26.344261,-1172.8624
-238.37279,-24.881361,-1175.8229
-229.0102,-23.904095,-1177.7024
-237.45462,-32.495605,-1175.8229
-246.76598,-33.769863,-1173.868
-260.70322,-35.67717,-1170.795
-265.34067,-36.311806,-1169.7333
-279.22742,-38.212204,-1166.4355
-278.0481,-46.014935,-1166.4355
-273.4431,-45.252842,-1167.5535
-264.22,-43.726486,-1169.7333
-259.60214,-42.96226,-1170.795
-245.72377,-40.665493,-1173.868
-231.81,-38.362865,-1176.772
-240.59352,-42.788853,-1174.8549
-239.49734,-48.55049,-1174.8549
-244.4889,-47.52924,-1173.868
-253.69868,-49.319645,-1171.8381
-267.48273,-51.999294,-1168.6527
-262.8922,-51.106888,-1169.7333
-272.06894,-52.89087,-1167.5535
-281.22824,-54.67146,-1165.299
-279.8352,-61.404858,-1165.299
-266.15775,-58.403584,-1168.6527
-252.44199,-55.393906,-1171.8381
-243.27785,-53.382996,-1173.868
-261.58997,-57.401268,-1169.7333
-275.28043,-60.40539,-1166.4355
-284.3855,-62.403343,-1164.1438
-285.57666,-56.703262,-1164.1438
-286.6536,-50.980503,-1164.1438
-287.96857,-42.93489,-1164.1438
-283.0806,-68.07845,-1164.1438
-281.36526,-74.85245,-1164.1438
-280.1316,-79.344734,-1164.1438
-277.80032,-87.15665,-1164.1438
-275.62866,-93.79843,-1164.1438
-273.69757,-99.29213,-1164.1438
-271.65704,-104.74611,-1164.1438
-268.6179,-112.310814,-1164.1438
-265.8452,-118.724976,-1164.1438
-270.0946,-120.62273,-1162.97
-268.13007,-124.92882,-1162.97
-274.26126,-110.82281,-1162.97
-275.99933,-106.42042,-1162.97
-276.42282,-105.31552,-1162.97
-278.87067,-98.65137,-1162.97
-281.15787,-91.93039,-1162.97
-281.52335,-90.80498,-1162.97
-283.28308,-85.156456,-1162.97
-285.55624,-77.19181,-1162.97
-287.60547,-69.16666,-1162.97
-278.28098,-68.10288,-1165.299
-264.67947,-64.77423,-1168.6527
-251.0399,-61.43626,-1171.8381
-260.1371,-63.662586,-1169.7333
-269.21765,-65.88485,-1167.5535
-267.55896,-72.326775,-1167.5535
-258.53433,-69.88723,-1169.7333
-272.06485,-73.544815,-1166.4355
-269.57242,-82.21216,-1166.4355
-265.1078,-80.85057,-1167.5535
-262.74023,-88.24127,-1167.5535
-273.69626,-84.667946,-1165.299
-272.6605,-87.94628,-1165.299
-270.09134,-95.545654,-1165.299
-266.47723,-105.20538,-1165.299
-263.8757,-111.57023,-1165.299
-260.01764,-108.71499,-1166.4355
-262.5518,-102.44356,-1166.4355
-264.9347,-96.11313,-1166.4355
-291.003,-118.94409,-1158.0887
-292.86884,-114.2728,-1158.0887
-284.22922,-110.90174,-1160.5664
-285.53958,-107.48293,-1160.5664
-281.193,-105.84678,-1161.7775
-284.0462,-97.93255,-1161.7775
-284.82062,-95.65696,-1161.7775
-279.01987,-111.449356,-1161.7775
-276.73508,-117.007355,-1161.7775
-273.35068,-124.70941,-1161.7775
-269.75195,-132.3137,-1161.7775
-267.0518,-137.68217,-1161.7775
-258.78302,-133.4191,-1164.1438
-260.36542,-130.30402,-1164.1438
-261.91037,-127.17018,-1164.1438
-273.38205,-135.45364,-1160.5664
-274.98785,-132.16322,-1160.5664
-278.58032,-124.4124,-1160.5664
-267.7464,-146.27815,-1160.5664
-265.37167,-150.5434,-1160.5664
-269.40707,-152.83263,-1159.3369
-265.0225,-160.31549,-1159.3369
-272.40976,-147.41403,-1159.3369
-275.3035,-141.93646,-1159.3369
-278.63052,-135.28862,-1159.3369
-281.28052,-129.68906,-1159.3369
-285.48923,-131.62956,-1158.0887
-282.79956,-137.31291,-1158.0887
-279.9968,-142.94131,-1158.0887
-276.48575,-149.61974,-1158.0887
-272.18835,-157.30205,-1158.0887
-269.63666,-161.63693,-1158.0887
-271.61942,-167.28876,-1156.8221
-274.9108,-161.82303,-1156.8221
-278.0922,-156.29256,-1156.8221
-281.76294,-149.57365,-1156.8221
-285.2714,-142.7686,-1156.8221
-272.80624,-174.10107,-1155.5369
-269.2697,-179.52226,-1155.5369
-276.23364,-168.61023,-1155.5369
-278.89603,-164.1689,-1155.5369
-280.846,-160.81024,-1155.5369
-284.006,-155.16127,-1155.5369
-283.54056,-165.37921,-1154.2333
-280.17636,-171.01683,-1154.2333
-277.4042,-175.47778,-1154.2333
-273.83923,-180.99065,-1154.2333
-277.68845,-183.53474,-1152.9111
-281.30353,-177.94438,-1152.9111
-284.11465,-173.42072,-1152.9111
-291.97748,-178.22011,-1150.2117
-295.90192,-180.61555,-1148.8342
-303.73657,-185.39775,-1146.0244
-294.44748,-182.97708,-1148.8342
-293.7132,-184.15346,-1148.8342
-289.97144,-189.99077,-1148.8342
-286.87326,-186.32494,-1150.2117
-298.42682,-193.82898,-1146.0244
-317.58636,-206.27316,-1138.6792
-306.10535,-198.81621,-1143.1411
-303.69745,-202.47523,-1143.1411
-297.06354,-212.08868,-1143.1411
-300.41895,-207.3085,-1143.1411
-307.93567,-212.49554,-1140.1847
-302.74734,-219.82443,-1140.1847
-312.94666,-205.04424,-1140.1847
-320.56564,-210.03624,-1137.1554
-317.164,-215.13844,-1137.1554
-314.55945,-218.929,-1137.1554
-311.0163,-223.93393,-1137.1554
-291.25674,-204.44493,-1146.0244
-293.68918,-200.93504,-1146.0244
-318.38843,-229.24193,-1134.0533
-320.21225,-226.68741,-1134.0533
-323.79828,-221.53496,-1134.0533
-328.16412,-215.01482,-1134.0533
-331.56238,-209.73665,-1134.0533
-336.50027,-201.71913,-1134.0533
-338.89676,-197.66652,-1134.0533
-333.97095,-222.6586,-1130.8787
-340.56467,-237.02827,-1125.9811
-343.38455,-232.92435,-1125.9811
-354.54074,-240.4918,-1120.9214
-354.18558,-179.03305,-1132.4751
-350.53418,-186.08081,-1132.4751
-362.51105,-192.43872,-1127.6316
-367.02493,-183.68346,-1127.6316
-362.9887,-181.66348,-1129.2642
-360.7826,-186.00636,-1129.2642
-357.76028,-191.7551,-1129.2642
-354.6464,-197.45474,-1129.2642
-346.72205,-202.23074,-1130.8787
-340.92413,-211.85886,-1130.8787
-360.07928,-206.17859,-1125.9811
-355.02753,-214.76068,-1125.9811
-350.6614,-221.81813,-1125.9811
-347.0674,-227.40034,-1125.9811
-339.52234,-222.45677,-1129.2642
-348.14703,-208.70091,-1129.2642
-350.62643,-204.50803,-1129.2642
-343.90347,-215.62196,-1129.2642
-347.10883,-235.45059,-1124.3124
-365.64587,-248.02463,-1115.7002
-369.33597,-250.52768,-1113.9241
-373.02014,-253.02673,-1112.1301
-375.03247,-250.03435,-1112.1301
-369.5675,-242.1425,-1115.7002
-366.63507,-246.55998,-1115.7002
-359.21738,-241.57161,-1119.1989
-356.29257,-245.86493,-1119.1989
-348.91248,-240.77219,-1122.6259
-353.65805,-233.74591,-1122.6259
-358.26215,-226.62616,-1122.6259
-361.84235,-220.86491,-1122.6259
-365.6721,-223.20256,-1120.9214
-362.05402,-229.02477,-1120.9214
-358.34326,-234.78833,-1120.9214
-378.95538,-227.16936,-1115.7002
-377.79642,-220.35533,-1117.4584
-379.54724,-217.32579,-1117.4584
-382.12787,-212.75548,-1117.4584
-386.02988,-214.92798,-1115.7002
-397.69852,-221.42467,-1110.3185
-389.9257,-217.09703,-1113.9241
-401.5754,-223.58318,-1108.489
-405.4459,-225.73814,-1106.6417
-411.31378,-233.33527,-1102.8943
-401.7822,-232.1964,-1106.6417
-405.61127,-234.40929,-1104.7767
-397.94666,-229.9798,-1108.489
-390.25662,-225.5356,-1112.1301
-382.54163,-221.07697,-1115.7002
-386.59808,-231.75085,-1112.1301
-398.0156,-238.59521,-1106.6417
-396.09402,-241.77182,-1106.6417
-483.7925,-204.55405,-1078.9358
-459.0296,-172.78812,-1095.1877
-466.95807,-118.24472,-1099.0762
-521.7013,-132.10698,-1072.5555
-542.38885,-137.34555,-1061.5792
-759.22076,6.078391,-929.2723
-759.02637,18.223747,-929.2723
-758.5102,33.39852,-929.2723
-769.5949,33.8866,-920.0953
-769.1329,43.118404,-920.0953
-768.34467,55.4176,-920.0953
-779.3009,56.20783,-910.7858
-802.72406,19.272902,-891.7749
-813.36346,19.528347,-882.0762
-823.8858,19.780981,-872.2505
-816.70105,26.146776,-878.815
-802.54425,25.693546,-891.7749
-791.79175,25.349302,-901.3453
-809.6486,25.920992,-885.3233
-791.43054,34.84806,-901.3453
-802.1782,35.3213,-891.7749
-812.81036,35.78945,-882.0762
-823.3255,36.252453,-872.2505
-833.7221,36.71023,-862.29913
-833.9891,30.039833,-862.29913
-827.06903,29.790577,-868.94727
-820.09607,29.539415,-875.53973
-802.43506,28.903275,-891.7749
-805.99316,29.031437,-888.5563
-830.7484,23.270754,-865.6301
-823.8001,23.076118,-872.2505
-816.7991,22.880007,-878.815
-797.07465,60.69537,-894.97943
-796.79047,99.30953,-891.7749
-794.64526,115.22327,-891.7749
-799.71735,129.05377,-885.3233
-815.95447,138.37996,-868.94727
-826.1753,140.11334,-858.9544
-815.1633,161.84334,-865.6301
-804.9743,176.62227,-872.2505
-801.28143,192.68419,-872.2505
-815.18805,234.39867,-848.8379
-860.3152,232.53944,-803.60645
-879.715,207.82661,-789.24615
-890.59863,187.95506,-781.9892
-903.4801,186.90218,-767.32733
-916.6978,166.80487,-756.20184
-928.1347,153.58846,-744.96747
-944.4504,144.66797,-726.00604
-953.3796,122.70075,-718.3397
-959.75616,139.16429,-706.75415
-961.8597,123.79215,-706.75415
-972.9508,125.21959,-691.1488
-970.823,140.76898,-691.1488
-969.6659,148.53041,-691.1488
-968.4467,156.28235,-691.1488
-966.50183,167.89134,-691.1488
-963.6922,183.3321,-691.1488
-960.63586,198.72594,-691.1488
-955.1911,197.59958,-698.9739
-953.57983,205.23416,-698.9739
-957.4933,186.12416,-698.9739
-959.65765,174.62195,-698.9739
-961.6838,163.0946,-698.9739
-961.6838,163.0946,-698.9739
-964.1699,147.68855,-698.9739
-965.3205,139.97112,-698.9739
-967.4363,124.50986,-698.9739
-969.3043,109.01672,-698.9739
-968.86053,112.89278,-698.9739
-957.6294,111.584114,-714.48926
-963.27576,112.242035,-706.75415
-951.9217,110.919044,-722.17865
-946.15314,110.24689,-729.8218
-940.32404,109.567665,-737.4182
-934.4347,108.88144,-744.96747
-925.4888,107.83904,-756.20184
-922.4771,107.48812,-759.92255
-916.4096,106.78113,-767.32733
-907.1985,105.70784,-778.34235
-902.1798,94.165504,-785.62354
-911.4905,95.137314,-774.68304
-920.67,96.09543,-763.63104
-929.7169,97.0397,-752.46906
-941.571,98.27698,-737.4182
-935.6739,97.66147,-744.96747
-923.70044,96.41173,-759.92255
-908.4015,94.814896,-778.34235
-906.7684,109.33552,-778.34235
-900.55786,108.58667,-785.62354
-911.5343,121.02342,-771.01135
-920.63947,122.23231,-759.92255
-932.57324,123.81674,-744.96747
-941.3671,124.98429,-733.62585
-947.1545,125.75267,-726.00604
-935.6166,162.52625,-733.62585
-944.2219,164.02109,-722.17865
-952.6914,165.49232,-710.6274
-953.98474,157.86613,-710.6274
-945.5038,156.46269,-722.17865
-952.99316,145.97653,-714.48926
-960.80206,151.10822,-702.8696
-953.4239,177.43022,-706.75415
-945.0181,175.86592,-718.3397
-942.1859,175.33885,-722.17865
-936.4764,174.27632,-729.8218
-927.79974,172.6616,-741.1988
-924.8778,172.11784,-744.96747
-913.9119,181.44899,-756.20184
-922.746,183.20291,-744.96747
-934.3178,185.5004,-729.8218
-945.6505,187.75041,-714.48926
-950.46326,192.66052,-706.75415
-946.1182,199.67212,-710.6274
-940.52594,198.4919,-718.3397
-929.1612,196.09343,-733.62585
-923.3894,194.87534,-741.1988
-917.55853,193.64478,-748.72424
-914.6211,193.02484,-752.46906
-905.72107,191.14656,-763.63104
-891.32446,199.30862,-778.34235
-900.3744,201.33228,-767.32733
-912.2392,203.98535,-752.46906
-923.87036,206.5862,-737.4182
-935.26514,209.13417,-722.17865
-938.07654,209.76283,-718.3397
-949.1717,212.24382,-702.8696
-943.6543,211.01007,-710.6274
-941.9361,218.55193,-710.6274
-947.4435,219.82977,-702.8696
-933.56226,216.609,-722.17865
-927.90497,215.29636,-729.8218
-922.18823,213.96994,-737.4182
-916.7883,236.03711,-737.4182
-930.896,227.79504,-722.17865
-925.2549,226.41464,-729.8218
-933.6943,228.47981,-718.3397
-939.2459,229.83833,-710.6274
-926.1546,246.36484,-722.17865
-928.0957,238.94833,-722.17865
-922.47156,237.50034,-729.8218
-919.5554,248.55182,-729.8218
-911.0356,246.24893,-741.1988
-905.2827,244.69397,-748.72424
-899.472,243.12335,-756.20184
-890.648,240.73827,-767.32733
-887.69525,251.40767,-767.32733
-899.39294,254.72061,-752.46906
-908.01526,257.16257,-741.1988
-916.5069,259.56754,-729.8218
-908.7677,265.24637,-737.4182
-905.9291,264.41788,-741.1988
-894.4303,261.06165,-756.20184
-891.5197,260.21213,-759.92255
-882.7025,257.6386,-771.01135
-879.54767,268.2115,-771.01135
-888.3333,270.89062,-759.92255
-894.11945,272.65506,-752.46906
-902.69116,275.26895,-741.1988
-898.1718,289.6751,-741.1988
-892.50024,287.84592,-748.72424
-883.88586,285.06763,-759.92255
-878.07214,283.19263,-767.32733
-872.2022,281.29947,-774.68304
-866.27655,279.38837,-781.9892
-860.51636,296.6556,-781.9892
-862.8619,289.76257,-781.9892
-868.76416,291.74466,-774.68304
-874.61096,293.7081,-767.32733
-883.27606,296.61798,-756.20184
-888.9822,298.53418,-748.72424
-894.6314,300.43127,-741.1988
-893.7539,312.1191,-737.4182
-885.3361,309.17944,-748.72424
-876.7909,306.19525,-759.92255
-868.1194,303.16696,-771.01135
-868.1194,303.16696,-771.01135
-859.32294,300.09506,-781.9892
-850.4027,296.9799,-792.8545
-844.2939,313.9262,-792.8545
-853.15,317.21912,-781.9892
-864.76685,321.5385,-767.32733
-870.4925,323.6674,-759.92255
-876.1624,325.7756,-752.46906
-884.562,328.89874,-741.1988
-892.8343,331.97455,-729.8218
-890.1502,339.106,-729.8218
-884.6661,337.01678,-737.4182
-876.33386,333.84262,-748.72424
-862.1671,328.44574,-767.32733
-862.1671,328.44574,-767.32733
-856.4035,326.2501,-774.68304
-850.5852,324.03357,-781.9892
-841.7557,320.66992,-792.8545
-835.80194,318.40186,-800.03467
-830.60114,331.7324,-800.03467
-842.3809,336.4371,-785.62354
-851.0745,339.9092,-774.68304
-859.64557,343.3324,-763.63104
-862.4751,344.4625,-759.92255
-873.65497,348.92758,-744.96747
-881.89325,352.21786,-733.62585
-884.2039,369.65033,-722.17865
-887.13257,362.5655,-722.17865
-881.75665,360.36838,-729.8218
-876.3242,358.1482,-737.4182
-868.0706,354.775,-748.72424
-862.4987,352.49777,-756.20184
-862.4987,352.49777,-756.20184
-851.18964,347.87582,-771.01135
-842.56476,344.3509,-781.9892
-836.7473,341.97336,-789.2453
-833.8185,340.77634,-792.8545
-820.8474,347.02695,-803.6055
-826.742,349.51898,-796.4509
-835.4847,353.21512,-785.62354
-841.24646,355.65097,-778.34235
-849.7879,359.26202,-767.32733
-852.608,360.45425,-763.63104
-860.9861,363.99625,-752.46906
-866.5027,366.32846,-744.96747
-871.9638,368.63727,-737.4182
-880.05084,372.05618,-726.00604
-874.37396,377.929,-729.8218
-868.98706,375.6006,-737.4182
-863.54456,373.2482,-744.96747
-855.2773,369.67484,-756.20184
-852.4941,368.47186,-759.92255
-844.0629,364.82767,-771.01135
-835.51025,361.13098,-781.9892
-823.9196,356.1212,-796.4509
-818.04517,353.5821,-803.6055
-813.7437,363.37222,-803.6055
-822.4895,367.27762,-792.8545
-833.9662,372.40247,-778.34235
-828.2543,369.85187,-785.62354
-842.4338,376.1836,-767.32733
-850.78,379.91058,-756.20184
-861.71765,384.7947,-741.1988
-869.7763,388.39325,-729.8218
-856.27625,382.36487,-748.72424
-865.05347,398.8016,-729.8218
-859.72394,396.34464,-737.4182
-851.6267,392.6117,-748.72424
-846.16034,390.0916,-756.20184
-843.4068,388.8222,-759.92255
-832.25824,383.68256,-774.68304
-823.7569,379.76334,-785.62354
-820.8967,378.44476,-789.2453
-812.23755,374.45273,-800.03467
-801.8809,381.41052,-807.1636
-813.43945,386.9083,-792.8545
-821.972,390.96674,-781.9892
-833.16425,396.29028,-767.32733
-844.1434,401.51245,-752.46906
-852.236,405.36166,-741.1988
-857.56305,407.89545,-733.62585
-841.4187,400.2165,-756.20184
-835.92914,397.60538,-763.63104
-824.78986,392.30704,-778.34235
-816.2967,388.26733,-789.2453
-798.80426,387.81284,-807.1636
-807.4592,392.01474,-796.4509
-818.81824,397.52945,-781.9892
-818.81824,397.52945,-781.9892
-829.9676,402.94238,-767.32733
-832.72186,404.27954,-763.63104
-838.19037,406.93448,-756.20184
-840.9046,408.2522,-752.46906
-843.6052,409.56335,-748.72424
-854.27277,414.74234,-733.62585
-848.9661,412.16602,-741.1988
-853.55023,422.8619,-729.8218
-848.2916,420.25668,-737.4182
-842.9787,417.6246,-744.96747
-834.9083,413.6264,-756.20184
-829.46124,410.92783,-763.63104
-826.7178,409.56866,-767.32733
-815.61206,404.06674,-781.9892
-807.14557,399.8723,-792.8545
-801.43665,397.044,-800.03467
-792.77716,392.754,-810.70874
-809.04333,417.06332,-781.9892
-817.3251,421.33255,-771.01135
-825.4892,425.54117,-759.92255
-836.18964,431.05725,-744.96747
-837.9629,440.49124,-737.4182
-832.71466,437.73242,-744.96747
-824.74255,433.54172,-756.20184
-819.3618,430.7132,-763.63104
-813.9285,427.85712,-771.01135
-805.6812,423.52176,-781.9892
-797.3178,419.12537,-792.8545
-792.13153,408.34525,-803.6055
-797.8199,411.27762,-796.4509
-806.2568,415.6268,-785.62354
-781.4716,414.7933,-810.70874
-786.628,425.6302,-800.03467
-793.3366,412.99112,-800.03467
-784.3295,416.31024,-807.1636
-792.82764,420.82092,-796.4509
-797.7841,431.6666,-785.62354
-808.73615,437.59253,-771.01135
-816.8145,441.96356,-759.92255
-824.7752,446.27097,-748.72424
-830.0164,449.1069,-741.1988
-800.54144,433.1585,-781.9892
-797.7841,431.6666,-785.62354
-792.2314,428.6621,-792.8545
-778.66223,433.47827,-803.6055
-784.25385,436.59113,-796.4509
-792.54724,441.208,-785.62354
-798.0129,444.2507,-778.34235
-803.42737,447.26492,-771.01135
-811.45264,451.73257,-759.92255
-821.9711,457.58817,-744.96747
-812.28265,456.45993,-756.20184
-804.314,451.98196,-767.32733
-798.9372,448.96045,-774.68304
-790.7762,444.37442,-785.62354
-782.50134,439.7244,-796.4509
-778.9588,445.96982,-796.4509
-778.9588,445.96982,-796.4509
-773.4049,442.7901,-803.6055
-789.91693,452.24356,-781.9892
-784.46295,449.12106,-789.2453
-795.32025,455.33707,-774.68304
-781.7318,460.0989,-785.62354
-776.29083,456.8965,-792.8545
-768.03625,452.0382,-803.6055
-762.4717,448.7631,-810.70874
-758.8575,454.848,-810.70874
-769.8849,461.45764,-796.4509
-775.3249,464.71832,-789.2453
-771.58264,470.90552,-789.2453
-763.44366,465.9382,-800.03467
-763.44366,465.9382,-800.03467
-760.7062,464.2675,-803.6055
-749.6349,457.51056,-817.76
-741.2054,452.36594,-828.23883
-735.7242,461.227,-828.23883
-744.0914,466.47238,-817.76
-752.35144,471.65063,-807.1636
-757.798,475.0651,-800.03467
-750.1008,487.12772,-800.03467
-741.9961,481.86432,-810.70874
-728.2513,472.93823,-828.23883
-717.04553,465.66104,-842.0247
-733.7845,476.5316,-821.2662
-717.04553,465.66104,-842.0247
-713.2976,471.38202,-842.0247
-718.8942,475.08054,-835.1585
-724.44476,478.74863,-828.23883
-735.40656,485.9927,-814.2409
-743.5046,491.34427,-803.6055
-735.40656,485.9927,-814.2409
-732.21173,496.6058,-810.70874
-726.8211,492.94974,-817.76
-718.6482,487.40662,-828.23883
-710.37177,481.79333,-838.5983
-704.79724,478.01257,-845.4376
-699.1777,474.2012,-852.2229
-699.0109,486.43494,-845.4376
-707.28723,492.1943,-835.1585
-715.4616,497.88275,-824.7591
-715.4616,497.88275,-824.7591
-718.1636,499.76303,-821.2662
-718.8418,504.51447,-817.76
-714.783,510.2486,-817.76
-722.7178,515.91284,-807.1636
-706.7454,504.51096,-828.23883
-704.0436,502.58224,-831.7053
-701.3305,500.6455,-835.1585
-687.5974,490.84213,-852.2229
-682.02686,486.86557,-858.9536
-695.8706,496.74796,-842.0247
-547.31024,678.3981,-824.7591
-558.0933,669.55536,-824.7591
-563.43146,665.0696,-824.7591
-555.4108,671.78217,-824.7591
-535.67505,674.95386,-835.1585
-529.40686,667.0559,-845.4376
-525.1857,661.73724,-852.2229
-514.5319,670.05457,-852.2229
-509.15546,674.14905,-852.2229
-515.2816,682.26044,-842.0247
-520.7228,678.1167,-842.0247
-516.60376,672.7527,-848.83704
-510.3634,664.6261,-858.9536
-513.01764,662.57947,-858.9536
-510.3634,664.6261,-858.9536
-491.55765,678.6529,-858.9536
-518.00433,721.22015,-807.1636
-506.3998,729.415,-807.1636
-494.2257,717.9927,-824.7591
-488.4664,721.92316,-824.7591
-431.9627,749.44946,-831.7053
-434.95682,747.71576,-831.7053
-440.9241,744.21246,-831.7053
-439.22498,741.3446,-835.1585
-430.29813,746.5614,-835.1585
-418.29944,753.34985,-835.1585
-424.31235,749.9796,-835.1585
-427.58844,755.7702,-828.23883
-436.62604,750.5852,-828.23883
-423.98203,742.4511,-842.0247
-432.86005,737.31036,-842.0247
-441.67578,732.0635,-842.0247
-415.04294,747.485,-842.0247
-320.78528,855.1491,-778.34235
-334.42505,849.9077,-778.34235
-330.98135,841.1559,-789.2453
-320.86462,845.0667,-789.2453
-365.7281,812.6876,-803.6055
-370.95724,824.3074,-789.2453
-369.65878,821.42206,-792.8545
-367.0442,815.6122,-800.03467
-422.9391,754.5786,-831.7053
-244.53429,805.0838,-855.5951
-247.50032,814.84894,-845.4376
-257.3866,790.2138,-865.62933
-267.73743,779.421,-872.2497
-273.53168,766.23975,-882.0754
-282.0687,770.6288,-875.53894
-292.71677,799.72,-845.4376
-286.7404,746.1858,-894.97864
-274.76608,750.6776,-894.97864
-298.64127,741.503,-894.97864
-289.29922,752.8447,-888.5555
-281.20322,740.60974,-901.34454
-293.01562,736.01624,-901.34454
-304.75302,731.2343,-901.34454
-323.67566,726.99854,-898.1687
-332.3755,723.0625,-898.1687
-341.0275,719.02234,-898.1687
-353.73083,708.83887,-901.34454
-350.50003,702.3647,-907.6527
-351.8324,790.2406,-831.7053
-351.42294,764.4991,-855.5951
-344.20667,748.8005,-872.2497
-623.7614,631.9879,-807.1636
-616.91315,625.04926,-817.76
-612.2983,620.37354,-824.7591
-602.95123,610.9032,-838.5983
-595.83954,603.69775,-848.83704
-591.05066,598.8457,-855.5951
-595.8221,594.0985,-855.5951
-600.5554,589.3133,-855.5951
-607.58325,582.0649,-855.5951
-614.5236,574.7327,-855.5951
-616.81744,572.2702,-855.5951
-628.13794,559.8211,-855.5951
-637.0137,549.70044,-855.5951
-645.7263,539.439,-855.5951
-647.8788,536.852,-855.5951
-656.3845,526.41846,-855.5951
-662.6536,518.5047,-855.5951
-668.8274,510.5163,-855.5951
-676.9091,499.75098,-855.5951
-682.3937,503.80014,-848.83704
-687.83453,507.81702,-842.0247
-695.91315,513.7813,-831.7053
-703.89154,519.67163,-821.2662
-711.7687,525.4872,-810.70874
-702.82117,532.0283,-814.2409
-692.3451,524.0981,-828.23883
-687.04047,520.0825,-835.1585
-681.6918,516.0336,-842.0247
-679.0011,513.9968,-845.4376
-671.5423,512.5886,-852.2229
-670.69116,524.7938,-845.4376
-675.9959,528.9446,-838.5983
-681.2574,533.0616,-831.7053
-691.64923,541.1928,-817.76
-699.3272,547.20056,-807.1636
-704.3899,551.162,-800.03467
-699.95844,556.779,-800.03467
-695.4822,562.36035,-800.03467
-692.39545,550.76306,-810.70874
-689.85223,548.74005,-814.2409
-687.298,546.70825,-817.76
-682.15656,542.6186,-824.7591
-674.36273,536.419,-835.1585
-666.47174,530.1421,-845.4376
-662.2096,535.4565,-845.4376
-670.0502,541.79626,-835.1585
-677.7942,548.058,-824.7591
-685.4406,554.2408,-814.2409
-692.9884,560.3439,-803.6055
-688.4838,565.86945,-803.6055
-680.9851,559.7062,-814.2409
-678.4637,557.6338,-817.76
-673.38837,553.4624,-824.7591
-668.26996,549.2555,-831.7053
-665.6947,547.1389,-835.1585
-660.51227,542.8794,-842.0247
-655.28754,538.58514,-848.83704
-656.92957,531.1871,-852.2229
-646.17596,544.21765,-852.2229
-651.36957,548.5918,-845.4376
-656.5215,552.9308,-838.5983
-661.6314,557.23444,-831.7053
-669.2168,563.6229,-821.2662
-676.7059,569.9303,-810.70874
-676.7059,569.9303,-810.70874
-684.0975,576.15564,-800.03467
-679.1806,572.0146,-807.1636
-679.4667,581.60956,-800.03467
-677.03033,579.52405,-803.6055
-674.5831,577.4293,-807.1636
-674.5831,577.4293,-807.1636
-667.1769,571.08966,-817.76
-659.6746,564.6679,-828.23883
-657.1527,562.5092,-831.7053
-654.6203,560.34155,-835.1585
-646.9603,553.7847,-845.4376
-641.8019,549.3692,-852.2229
-637.3868,554.4856,-852.2229
-645.05585,561.15717,-842.0247
-652.632,567.748,-831.7053
-657.6307,572.0965,-824.7591
-665.0496,578.5505,-814.2409
-674.7925,587.0262,-800.03467
-665.3061,592.94684,-803.6055
-660.48584,588.6508,-810.70874
-655.6233,584.31714,-817.76
-653.1763,582.1363,-821.2662
-645.7727,575.5379,-831.7053
-640.7853,571.0929,-838.5983
-635.75684,566.6114,-845.4376
-633.22736,564.357,-848.83704
-628.6926,569.40436,-848.83704
-633.70526,573.9443,-842.0247
-638.6774,578.4476,-835.1585
-643.60864,582.9137,-828.23883
-646.05884,585.1329,-824.7591
-650.92816,589.54297,-817.76
-655.7559,593.91547,-810.70874
-660.5417,598.2499,-803.6055
-658.09467,605.68646,-800.03467
-653.3647,601.3332,-807.1636
-650.984,599.1421,-810.70874
-648.5929,596.9414,-814.2409
-646.1914,594.73114,-817.76
-641.3575,590.2822,-824.7591
-636.48254,585.7955,-831.7053
-631.56683,581.27124,-838.5983
-626.6107,576.70984,-845.4376
-624.1176,574.4153,-848.83704
-619.5027,579.3894,-848.83704
-617.0181,577.0657,-852.2229
-621.97736,581.70386,-845.4376
-629.34155,588.5912,-835.1585
-634.2007,593.1357,-828.23883
-639.0193,597.6423,-821.2662
-641.41327,599.8812,-817.76
-646.1704,604.3303,-810.70874
-650.8862,608.7408,-803.6055
-655.5603,613.11224,-796.4509
-650.6348,618.3367,-796.4509
-648.32056,616.13727,-800.03467
-645.99585,613.928,-803.6055
-641.3155,609.4799,-810.70874
-634.21814,602.73486,-821.2662
-629.4357,598.1899,-828.23883
-624.6131,593.6067,-835.1585
-619.7504,588.9854,-842.0247
-619.7504,588.9854,-842.0247
-617.30426,586.66064,-845.4376
-612.38226,581.983,-852.2229
-607.7072,586.86304,-852.2229
-612.5916,591.5799,-845.4376
-617.43677,596.2589,-838.5983
-624.63043,603.2058,-828.23883
-631.7342,610.06586,-817.76
-638.747,616.8382,-807.1636
-641.0642,619.07587,-803.6055
-638.3805,626.4303,-800.03467
-633.79224,621.9279,-807.1636
-631.48285,619.6618,-810.70874
-629.1633,617.38574,-814.2409
-624.49426,612.8041,-821.2662
-619.7852,608.1831,-828.23883
-617.4158,605.8581,-831.7053
-610.2484,598.8249,-842.0247
-607.8397,596.46124,-845.4376
-600.64966,598.9121,-848.83704
-605.4387,603.6873,-842.0247
-610.1891,608.42395,-835.1585
-614.9003,613.1216,-828.23883
-621.8934,620.09436,-817.76
-626.5058,624.6934,-810.70874
-631.07806,629.2525,-803.6055
-607.64417,615.6581,-831.7053
-602.6999,620.4991,-831.7053
-607.0945,630.04614,-821.2662
-613.88837,637.09686,-810.70874
-620.5938,644.05585,-800.03467
-595.50806,579.7033,-865.62933
-569.4088,590.9357,-875.53894
-602.7912,656.4,-803.6055
-598.4238,651.6443,-810.70874
-594.0182,646.8468,-817.76
-589.5746,642.008,-824.7591
-582.8385,634.67285,-835.1585
-578.3011,629.73193,-842.0247
-573.7267,624.7507,-848.83704
-578.70593,620.14124,-848.83704
-581.18164,617.8216,-848.83704
-586.10516,613.15283,-848.83704
-590.7783,618.04156,-842.0247
-585.81555,622.7476,-842.0247
-594.97046,632.47974,-828.23883
-594.97046,632.47974,-828.23883
-599.491,637.2852,-821.2662
-606.19977,644.41693,-810.70874
-608.4167,646.7736,-807.1636
-576.51056,612.856,-855.5951
-569.43494,605.33435,-865.62933
-562.1306,612.1233,-865.62933
-579.04626,596.1469,-865.62933
-586.15765,589.1561,-865.62933
-590.85175,584.4484,-865.62933
-583.8436,596.29535,-862.29834
-450.03073,366.87717,-1050.1779
-466.21786,380.07336,-1038.3569
-461.62387,385.64008,-1038.3569
-471.15228,393.6001,-1031.0647
-467.9887,397.3564,-1031.0647
-473.91437,415.6168,-1021.1111
-465.08408,431.49518,-1018.5817
-464.5781,437.99292,-1016.0361
-460.7352,459.40237,-1008.3018
-455.1897,464.89758,-1008.3018
-449.3917,481.56815,-1003.06494
-442.34628,493.44183,-1000.42236
-448.3143,504.14172,-992.3988
-442.2329,509.48468,-992.3988
-438.6501,517.77875,-989.6925
-439.94144,532.11926,-981.47876
-435.9864,540.4107,-978.7094
-435.9864,540.4107,-978.7094
-414.02856,557.41205,-978.7094
-407.33838,567.13934,-975.9243
-409.6122,570.30524,-973.1237
-420.5926,595.5915,-953.08575
-418.64166,582.87695,-961.7659
-387.7821,603.84717,-961.7659
-398.09705,619.9094,-947.2228
-396.04666,616.7166,-950.16187
-383.6349,624.5131,-950.16187
-398.6151,637.4099,-935.31525
-425.88947,624.0459,-932.3008
-438.28348,615.4045,-932.3008
-490.792,644.45886,-885.3225
-513.3888,631.16943,-882.0754
-520.66516,629.7565,-878.8143
-527.9433,628.25745,-875.53894
-537.4835,629.3198,-868.9465
-554.74536,618.82416,-865.62933
-559.8821,599.96967,-875.53894
-549.55585,628.0365,-862.29834
-535.8782,607.4854,-885.3225
-547.91907,596.6478,-885.3225
-338.96527,610.47046,-975.9243
-822.9443,115.96781,-865.62933
-836.552,117.88538,-852.2229
-833.1699,117.40879,-855.5951
-812.6001,114.51013,-875.53894
-815.48724,91.717064,-875.53894
-813.91565,104.751625,-875.53894
-803.43744,103.403076,-885.3225
-791.8214,79.44654,-898.1687
-290.0438,-121.26716,-1158.0885
-294.315,-123.05294,-1156.8218
-302.84323,-126.61859,-1154.2329
-311.35202,-130.17612,-1151.5702
-309.76746,-133.90305,-1151.5702
-309.22934,-135.1411,-1151.5702
-307.58533,-138.84221,-1151.5702
-307.0275,-140.0715,-1151.5702
-303.5775,-147.39944,-1151.5702
-299.95267,-154.6425,-1151.5702
-294.85114,-164.16061,-1151.5702
-292.18683,-168.85724,-1151.5702
-287.42972,-158.52585,-1154.2329
-289.92935,-153.90665,-1154.2329
-294.7053,-144.55125,-1154.2329
-298.63687,-136.24355,-1154.2329
-310.6138,-182.83678,-1144.5916
-318.49432,-187.47551,-1141.6716
-326.35446,-192.10223,-1138.6788
-316.98428,-190.01756,-1141.6716
-324.80716,-194.70702,-1138.6788
-378.02362,-159.83096,-1127.6312
-616.6168,41.996845,-1028.601
-616.26117,46.928032,-1028.601
-624.4458,47.551285,-1023.6241
-678.06494,27.140814,-989.6925
-709.355,28.393257,-967.4757
-593.82776,-95.830635,-1038.3569
-632.1219,-136.05481,-1010.8961
-620.21844,-133.49278,-1018.5817
-439.61865,-185.87279,-1100.9935
-427.75766,-191.03024,-1104.7764
-421.42645,-204.61899,-1104.7764
-416.39444,-214.6738,-1104.7764
-439.4879,-217.75055,-1095.1873
-427.8461,-201.42763,-1102.8937
-439.7882,-207.04991,-1097.1403
-451.667,-212.64236,-1091.2288
-443.84116,-198.2129,-1097.1403
-451.8405,-201.7853,-1093.2168
-467.75208,-208.89116,-1085.1602
-467.75208,-208.89116,-1085.1602
-458.0655,-187.22488,-1093.2168
-470.1748,-192.17432,-1087.2004
-470.1748,-192.17432,-1087.2004
-474.19626,-193.818,-1085.1602
-474.19626,-193.818,-1085.1602
-486.21484,-198.73036,-1078.9353
-486.21484,-198.73036,-1078.9353
-490.2056,-200.36148,-1076.8257
-490.2056,-200.36148,-1076.8257
-502.13046,-205.23553,-1070.394
-525.7617,-214.89433,-1057.0691
-513.9831,-210.08005,-1063.8081
-518.08185,-199.75858,-1063.8081
-502.1361,-193.61034,-1072.555
-494.11472,-190.5175,-1076.8257
-490.09216,-188.9665,-1078.9353
-482.02362,-185.8555,-1083.1024
-465.7944,-179.59795,-1091.2288
-480.86526,-176.62422,-1085.1602
-504.4233,-187.57062,-1072.555
-501.35757,-195.61742,-1072.555
-510.8702,-206.42662,-1066.0204
-517.2135,-189.97511,-1066.0204
-200.3077,-163.31822,-1171.8379
-197.00133,-167.29163,-1171.8379
-194.29944,-170.42224,-1171.8379
-202.68518,-182.12706,-1168.6525
-213.10083,-191.48625,-1165.2987
-203.92249,-187.7104,-1167.5532
-201.65521,-190.14403,-1167.5532
-136.6614,-196.88794,-1175.8226
-131.09544,-200.63696,-1175.8226
-127.868645,-202.7087,-1175.8226
-124.60932,-204.72841,-1175.8226
-120.4904,-207.17932,-1175.8226
-95.54503,-214.66083,-1176.7717
-97.4582,-218.95914,-1175.8226
-105.80984,-225.47435,-1173.8678
