734.52856,-11.7531805,948.85706
683.8654,-24.631155,985.7593
676.314,-10.82427,991.2024
656.35767,-10.504872,1004.5319
640.03406,-17.927279,1014.90643
615.5027,-17.24016,1029.9802
599.1807,-2.3993146,1039.7003
598.70636,23.959011,1039.7003
591.80676,61.77054,1042.0889
609.66296,48.876427,1032.435
593.1188,47.550087,1042.0889
593.97296,78.863556,1039.7003
602.1994,79.9558,1034.8733
600.843,89.5808,1034.8733
598.9313,101.579506,1034.8733
588.6275,111.98658,1039.7003
600.84186,114.31036,1032.435
591.5321,95.46249,1039.7003
635.3602,33.06675,1017.4596
643.92236,23.188927,1012.33704
633.2907,60.982876,1017.4596
639.0685,82.25094,1012.33704
627.8967,73.16459,1019.9964
712.8615,177.47896,948.85706
702.5719,186.90445,954.70386
696.62555,179.3674,960.4896
683.24615,184.69292,969.0528
680.9806,192.87875,969.0528
670.3611,201.51146,974.68414
663.3303,211.02776,977.47644
662.06964,201.91023,980.25305
690.70825,186.71007,963.35944
705.1148,160.6454,957.60443
678.5763,171.82864,974.68414
662.69434,170.63077,985.7593
649.8287,172.87323,993.9002
631.5961,178.89125,1004.5319
617.8004,183.02023,1012.33704
606.1079,179.5564,1019.9964
598.26434,177.23277,1025.0211
590.698,201.01628,1025.0211
602.30023,204.96455,1017.4596
579.01074,197.03908,1032.435
584.30035,180.7509,1032.435
572.42224,177.07646,1039.7003
560.4616,173.3765,1046.8158
559.05664,177.8548,1046.8158
544.1909,182.76413,1053.7805
532.16406,178.72496,1060.5936
511.9499,171.93611,1071.6088
492.90393,174.36421,1080.1124
492.83585,161.14082,1082.1952
478.53705,162.84758,1088.3396
471.76794,169.0137,1090.3529
455.28397,163.10822,1098.2314
446.99802,160.13974,1102.0653
430.3408,154.17218,1109.5214
436.95068,148.69562,1107.684
438.7036,143.44139,1107.684
426.03772,139.30006,1113.143
424.3354,144.4026,1113.143
445.32605,151.54578,1103.9559
457.83542,155.80275,1098.2314
459.67212,150.2974,1098.2314
469.81116,147.39587,1094.3271
483.5025,147.45293,1088.3396
440.24918,165.71686,1103.9559
419.49783,157.90572,1113.143
402.77554,151.61118,1120.1722
381.72818,143.68861,1128.5553
360.52814,135.70857,1136.487
343.4638,129.2853,1142.5051
340.80945,136.12859,1142.5051
347.0099,145.08543,1139.5325
367.96683,153.84756,1131.7823
392.92017,164.2806,1121.8849
355.40982,148.59746,1136.487
382.35248,154.49834,1126.9148
390.75027,145.30281,1125.2561
425.85562,166.16028,1109.5214
327.64133,69.15105,1152.3322
326.78793,73.07786,1152.3322
325.57684,78.29713,1152.3322
323.9458,84.79288,1152.3322
321.44482,93.82935,1152.3322
323.49048,102.913246,1150.9834
322.2322,106.7878,1150.9834
300.31717,99.52516,1157.5424
282.69824,93.68625,1162.4563
282.69824,93.68625,1162.4563
284.51538,88.01366,1162.4563
286.5457,81.16027,1162.4563
287.49896,77.715805,1162.4563
291.39825,61.50169,1162.4563
294.0137,47.44845,1162.4563
290.63925,64.99412,1162.4563
316.29587,77.404884,1154.9742
307.3105,75.20595,1157.5424
305.74493,81.337,1157.5424
312.94733,89.99202,1154.9742
309.5054,101.19791,1154.9742
306.55075,109.823654,1154.9742
297.8422,106.703766,1157.5424
289.3107,88.23058,1161.2556
298.1877,90.9378,1158.7987
296.1446,81.32544,1160.0365
298.01102,74.19489,1160.0365
299.97147,65.8222,1160.0365
301.69672,57.397903,1160.0365
316.9066,51.14294,1156.2676
315.10797,61.256508,1156.2676
266.71033,82.505745,1167.0725
275.62167,85.26243,1164.8016
279.10538,73.05589,1164.8016
256.51324,67.14239,1170.3387
248.693,59.807533,1172.4227
266.11053,67.38434,1168.1799
267.89282,59.90745,1168.1799
270.82605,44.818676,1168.1799
272.53537,32.862236,1168.1799
274.01556,16.46002,1168.1799
274.48975,3.292749,1168.1799
274.4304,-6.5889015,1168.1799
283.3358,17.01934,1165.9464
282.42853,28.336664,1165.9464
281.06937,39.60865,1165.9464
278.84503,53.04981,1165.9464
277.4916,59.72648,1165.9464
236.6837,48.96519,1175.4077
238.7606,37.551804,1175.4077
238.7606,37.551804,1175.4077
238.7606,37.551804,1175.4077
238.7606,37.551804,1175.4077
240.07135,27.973438,1175.4077
241.53905,8.697842,1175.4077
241.53905,8.697842,1175.4077
240.76033,-21.24226,1175.4077
240.92253,-19.315659,1175.4077
241.31667,-13.528931,1175.4077
241.60083,-6.768134,1175.4077
251.08946,-1.0064015,1173.4364
250.51128,17.059591,1173.4364
249.28589,30.057854,1173.4364
247.72241,40.994312,1173.4364
260.87103,47.470406,1170.3387
263.11914,32.79416,1170.3387
264.6779,15.898096,1170.3387
265.13586,3.1795294,1170.3387
264.79645,-13.783578,1170.3387
250.02953,-23.068754,1173.4364
216.1253,-29.575712,1180.0063
217.57431,-15.693592,1180.0063
218.096,4.3603125,1180.0063
226.69254,19.999031,1178.2235
227.52751,4.5488734,1178.2235
227.52751,4.5488734,1178.2235
227.50739,-5.4636126,1178.2235
226.34326,-23.626009,1178.2235
223.89629,-40.74211,1178.2235
207.89465,-48.23783,1180.8695
201.85237,-29.269701,1182.5392
203.43492,-14.67411,1182.5392
208.6855,-1.6727456,1181.7139
203.37495,-64.69698,1180.8695
189.85637,-60.3965,1183.3456
167.26562,-53.210003,1187.0935
163.77423,-63.143456,1187.0935
158.20479,-76.02855,1187.0935
151.2686,-89.033134,1187.0935
142.85912,-101.982185,1187.0935
154.35538,-102.00771,1185.6512
160.19403,-92.569084,1185.6512
169.93709,-94.60545,1184.1332
172.5189,-89.811104,1184.1332
177.59355,-79.305336,1184.1332
181.47527,-69.968124,1184.1332
194.72078,-75.07496,1181.7139
182.98427,-50.247936,1184.9016
193.8938,-45.808025,1183.3456
186.12471,-36.955235,1184.9016
120.34354,-114.37174,1188.4597
125.25744,-108.96804,1188.4597
129.09802,-104.38949,1188.4597
134.34895,-97.53881,1188.4597
140.66556,-88.1854,1188.4597
159.40761,-24.41912,1189.1143
165.25789,-15.915189,1188.4597
120.50967,-99.85991,1189.7501
276.44684,-38.959072,1167.073
285.68356,-40.260784,1164.8021
283.205,-55.054153,1164.8021
274.4658,-51.080227,1167.073
265.2777,-49.370255,1169.2692
266.7214,-40.85816,1169.2692
263.56247,-57.831806,1169.2692
259.91272,-72.49188,1169.2692
255.79382,-85.9023,1169.2692
250.98355,-99.08052,1169.2692
245.94081,-111.00813,1169.2692
240.33162,-122.68007,1169.2692
233.6308,-135.00497,1169.2692
244.46767,-134.81926,1167.073
249.16138,-125.93362,1167.073
253.53227,-116.88481,1167.073
258.0033,-106.65348,1167.073
262.8232,-94.152145,1167.073
266.37784,-83.56748,1167.073
269.79556,-71.77062,1167.073
271.699,-64.18975,1167.073
262.48438,-119.7413,1164.8021
267.49692,-108.08068,1164.8021
271.2134,-98.383545,1164.8021
274.22208,-89.65647,1164.8021
277.27112,-79.72924,1164.8021
280.50952,-67.45697,1164.8021
251.4663,-46.79587,1172.4227
249.61922,-55.81573,1172.4227
247.95886,-62.781773,1172.4227
244.95761,-73.6269,1172.4227
242.14911,-82.395134,1172.4227
239.02687,-91.0566,1172.4227
235.19467,-100.54162,1172.4227
231.42384,-108.94104,1172.4227
237.40988,-107.153244,1171.39
241.5047,-97.57437,1171.39
250.32982,-87.41924,1170.3387
252.99841,-79.36589,1170.3387
255.40799,-71.23127,1170.3387
257.80612,-61.99309,1170.3387
259.21948,-55.78894,1170.3387
260.28326,-50.594112,1170.3387
261.24295,-45.37906,1170.3387
277.55386,-30.090929,1167.0725
238.85817,-60.477528,1174.4315
235.09906,-73.75084,1174.4315
235.09906,-73.75084,1174.4315
230.254,-87.71461,1174.4315
224.17317,-102.260185,1174.4315
224.17317,-102.260185,1174.4315
217.63835,-115.51755,1174.4315
229.05019,-133.57826,1170.3387
220.95473,-128.85712,1172.4227
225.4491,-120.821556,1172.4227
535.9588,-135.70172,1065.0508
525.58386,-124.1624,1071.6088
515.3519,-110.91349,1078.0123
508.5845,-100.97186,1082.1952
500.85434,-95.27919,1086.3088
488.01193,-92.836136,1092.3488
485.4588,-82.327446,1094.3271
482.38284,-73.887085,1096.2881
478.6146,-69.39615,1098.2314
470.43405,-64.37207,1102.0653
449.2067,-55.98514,1111.3411
462.40836,-57.630478,1105.8287
441.1912,-47.83163,1114.9271
433.30948,-36.48153,1118.4418
433.9524,-27.809254,1118.4418
420.52698,-26.948904,1123.5795
402.53256,-25.795757,1130.1779
401.7977,-35.447483,1130.1779
415.42194,-34.97553,1125.2561
393.0427,-31.508682,1133.3687
393.92206,-17.342813,1133.3687
394.3005,-1.5774032,1133.3687
394.19012,9.462257,1133.3687
398.5151,15.949286,1131.7823
407.23657,22.829601,1128.5553
407.66718,13.04983,1128.5553
407.8727,-1.6320881,1128.5553
407.5497,-16.310602,1128.5553
398.71927,-9.571478,1131.7823
427.4727,49.81135,1120.1722
440.79398,51.363617,1114.9271
426.621,56.644566,1120.1722
417.72363,55.46322,1123.5795
431.0595,57.23389,1118.4418
435.49106,57.82229,1116.6934
457.5431,60.750248,1107.684
448.7438,59.58192,1111.3411
439.91574,58.409775,1114.9271
451.85312,69.21729,1109.5214
465.5366,67.50613,1103.9559
466.55713,60.048866,1103.9559
484.01627,62.295967,1096.2881
509.97122,65.636536,1084.2606
527.11224,67.8427,1075.895
507.27823,83.94986,1084.2606
508.55652,75.822624,1084.2606
529.90247,79.00518,1073.7605
517.11975,77.09935,1080.1124
501.35147,64.52712,1088.3396
488.36185,62.855274,1094.3271
497.0295,63.97086,1090.3529
500.54102,70.538826,1088.3396
518.8211,64.666885,1080.1124
528.36365,57.28709,1075.895
530.08325,38.232098,1075.895
529.4037,46.70857,1075.895
530.94586,23.376024,1075.895
539.839,15.118347,1071.6088
540.0334,4.3187585,1071.6088
540.0117,-6.4824634,1071.6088
548.567,-6.5851636,1067.2539
548.5671,6.580551,1067.2539
548.3258,17.55036,1067.2539
548.3256,-17.554708,1067.2539
547.8649,-28.516184,1067.2539
560.7277,-26.937319,1060.5936
573.40015,-27.5461,1053.7805
552.6546,-15.480847,1065.0508
551.2754,-41.978336,1065.0508
549.65027,-59.593372,1065.0508
547.4624,-77.14741,1065.0508
545.08813,-92.443,1065.0508
541.8516,-109.83426,1065.0508
551.48285,-125.63496,1058.3395
554.3388,-112.36542,1058.3395
557.26715,-96.803055,1058.3395
558.4835,-113.20556,1056.0685
570.8638,-115.715065,1049.1542
566.74603,-114.880394,1051.4758
572.2112,-108.85704,1049.1542
566.3592,-93.721565,1053.7805
587.0383,-97.143555,1042.0889
601.7382,-109.49395,1032.435
598.52106,-103.969284,1034.8733
616.0356,-122.30832,1022.51697
629.3682,-138.0919,1012.33704
619.5452,-125.58287,1019.9964
586.24243,-101.836365,1042.0889
631.60565,-146.54776,1009.75146
634.4099,-133.88809,1009.75146
633.09485,-157.60803,1007.1497
634.94037,-150.00029,1007.1497
636.3599,-161.12659,1004.5319
640.2501,-162.11159,1001.89795
651.8593,-165.05104,993.9002
659.54663,-166.99748,988.4887
647.9999,-164.07384,996.58203
665.34216,-159.99487,985.7593
669.1708,-160.91554,983.01404
688.152,-165.47995,969.0528
676.7958,-162.74913,977.47644
680.5062,-146.4619,977.47644
683.29895,-132.82437,977.47644
685.3365,-121.875854,977.47644
675.6007,-131.32794,983.01404
673.9763,-139.42491,983.01404
671.6595,-150.18945,983.01404
671.2077,-133.26225,985.7593
668.40857,-146.6579,985.7593
681.65607,-141.01361,977.47644
685.4796,-141.8046,974.68414
687.6605,-130.82004,974.68414
690.13904,-117.04258,974.68414
692.51544,-126.012024,971.8762
685.03033,-161.8337,971.8762
687.5317,-150.85376,971.8762
702.63245,-154.16707,960.4896
700.0782,-147.74695,963.35944
696.33124,-164.50346,963.35944
692.9024,-178.39525,963.35944
689.9597,-189.45758,963.35944
686.8062,-170.97942,969.0528
675.4722,-168.15784,977.47644
679.2611,-169.10107,974.68414
676.46893,-179.94637,974.68414
698.8792,-185.9077,957.60443
689.165,-177.43301,966.2138
681.6571,-175.50003,971.8762
693.86194,-158.07077,966.2138
674.8821,-153.7469,980.25305
682.50684,-155.48393,974.68414
649.1354,-175.45847,993.9002
652.96826,-176.49446,991.2024
650.5182,-170.2602,993.9002
646.6667,-169.25215,996.58203
636.9962,-202.63249,996.58203
647.7715,-194.7047,991.2024
642.40015,-198.70692,993.9002
639.96967,-206.40068,993.9002
641.2109,-215.32869,991.2024
644.9644,-216.58919,988.4887
643.7484,-207.61938,991.2024
655.0225,-211.25546,983.01404
658.9833,-224.23389,977.47644
664.5304,-232.06908,971.8762
671.8496,-234.6251,966.2138
673.7049,-229.24326,966.2138
670.0406,-227.99638,969.0528
665.8197,-203.03676,977.47644
662.0744,-201.89465,980.25305
664.1742,-208.35637,977.47644
672.7281,-219.94026,969.0528
686.84045,-200.47142,963.35944
683.2498,-184.67944,969.0528
650.7749,-198.44896,988.4887
638.6484,-234.55963,988.4887
634.9316,-233.19455,991.2024
627.4675,-230.45317,996.58203
630.1875,-222.90768,996.58203
637.68396,-225.55931,991.2024
628.37756,-239.38274,993.9002
630.27234,-234.3485,993.9002
633.9408,-224.2353,993.9002
552.17035,-185.42749,1049.1542
565.6833,-197.54942,1039.7003
558.587,-192.56807,1044.4607
573.2737,-213.1552,1032.435
581.2914,-226.78632,1025.0211
607.2914,-259.61057,1001.89795
603.06036,-269.29288,1001.89795
599.78577,-276.50952,1001.89795
593.9238,-279.58936,1004.5319
597.23584,-272.44284,1004.5319
600.4618,-265.25708,1004.5319
603.6014,-258.03314,1004.5319
608.8628,-266.06287,999.24805
604.5284,-275.7695,999.24805
606.715,-270.92487,999.24805
626.2525,-294.80804,980.25305
628.5907,-289.789,980.25305
632.1466,-291.42834,977.47644
621.4486,-286.49643,985.7593
579.2507,-220.66768,1027.5089
604.9094,-293.6785,993.9002
597.6881,-308.1093,993.9002
590.1226,-322.36267,993.9002
577.95483,-327.82858,999.24805
575.31396,-332.44138,999.24805
581.8468,-320.87018,999.24805
588.147,-309.17072,999.24805
591.7875,-335.67474,988.4887
599.67194,-321.3776,988.4887
595.7726,-328.5498,988.4887
595.3965,-294.96854,999.24805
600.0392,-285.40555,999.24805
585.65497,-313.8656,999.24805
584.0466,-325.13647,996.58203
603.4238,-339.09232,980.25305
597.92175,-348.7026,980.25305
589.38214,-362.94986,980.25305
587.9258,-365.30432,980.25305
582.00635,-374.66333,980.25305
585.2987,-376.78278,977.47644
588.5818,-378.89624,974.68414
604.46014,-375.57788,966.2138
597.8751,-371.48627,971.8762
593.37463,-378.6334,971.8762
605.1842,-359.45618,971.8762
600.8276,-366.6918,971.8762
593.6947,-355.85187,980.25305
600.4022,-359.87225,974.68414
586.9491,-351.80865,985.7593
591.1282,-344.74063,985.7593
584.2968,-340.75662,991.2024
589.6735,-331.36533,991.2024
582.68555,-358.82602,985.7593
588.29395,-372.0887,977.47644
595.61707,-360.25006,977.47644
591.25165,-367.37082,977.47644
602.70197,-348.26733,977.47644
609.45374,-352.1688,971.8762
606.8374,-341.01053,977.47644
610.2413,-342.92334,974.68414
602.67847,-332.35822,983.01404
604.8927,-302.69232,991.2024
599.9728,-312.33075,991.2024
592.68243,-317.63177,993.9002
641.4258,-280.29233,974.68414
635.5979,-283.82233,977.47644
643.64746,-275.15237,974.68414
673.2394,-253.39417,960.4896
662.9703,-258.6527,966.2138
665.0181,-253.34111,966.2138
676.2313,-245.2978,960.4896
680.0691,-234.44798,960.4896
678.1719,-239.88057,960.4896
671.63275,-246.67398,963.35944
667.60046,-257.38727,963.35944
674.5442,-238.59738,963.35944
647.46606,-255.59242,977.47644
653.1331,-251.80951,974.68414
657.0391,-217.72363,980.25305
652.9342,-204.8303,985.7593
646.04706,-225.61427,985.7593
610.8247,-290.53564,991.2024
603.64404,-287.12018,996.58203
598.9734,-296.74063,996.58203
539.06006,-122.804886,1065.0508
531.6851,-116.658905,1069.4398
548.33057,-120.31115,1060.5936
546.33563,-129.06804,1060.5936
544.7477,-135.61414,1060.5936
544.82007,-151.94937,1058.3395
545.6403,-178.39046,1053.7805
567.1449,-454.84857,954.70386
557.9358,-466.0989,954.70386
561.6464,-461.6209,954.70386
555.19977,-475.23962,951.7881
560.96674,-480.17603,945.9108
558.98364,-470.78317,951.7881
561.8913,-473.232,948.85706
567.6795,-478.10696,942.94946
573.43146,-482.9513,936.98157
569.5498,-487.52292,936.98157
563.65906,-494.32175,936.98157
557.6872,-501.0494,936.98157
563.8368,-482.63272,942.94946
558.0052,-489.36334,942.94946
556.8843,-496.31705,939.9731
564.7531,-487.34445,939.9731
555.1648,-486.8724,945.9108
556.17255,-479.93997,948.85706
565.6588,-468.72208,948.85706
569.3902,-464.18222,948.85706
566.4437,-461.7802,951.7881
571.4859,-473.55057,942.94946
572.39264,-489.95633,933.9751
564.481,-499.0508,933.9751
570.0609,-503.98398,927.91736
573.2523,-494.67868,930.9537
565.265,-503.78635,930.9537
234.31813,-143.00514,1168.1799
226.33319,-138.1319,1170.3387
218.33376,-133.24982,1172.4227
215.07344,-138.45059,1172.4227
212.83096,-141.87366,1172.4227
208.7759,-147.7761,1172.4227
203.94135,-154.37967,1172.4227
198.898,-160.82518,1172.4227
198.25316,-161.61942,1172.4227
192.98111,-167.87924,1172.4227
188.20581,-173.21582,1172.4227
181.84991,-179.87708,1172.4227
175.25839,-186.30525,1172.4227
171.67552,-176.7435,1174.4315
186.26167,-188.716,1170.3387
180.734,-187.56465,1171.39
185.91391,-182.43161,1171.39
189.52486,-178.67737,1171.39
193.75783,-174.07808,1171.39
205.69252,-174.64587,1169.2688
209.14381,-170.49767,1169.2688
203.84688,-162.14723,1171.39
207.51237,-165.0629,1170.3387
214.57144,-155.77623,1170.3387
218.24767,-150.58252,1170.3387
201.40625,-149.9415,1173.4364
195.24954,-157.8751,1173.4364
183.38737,-171.51093,1173.4364
176.3826,-178.70676,1173.4364
194.10255,-187.44275,1169.2688
199.27382,-181.93553,1169.2688
201.43738,-172.42426,1170.3387
174.6112,-199.54466,1170.3387
180.77141,-206.5845,1168.1799
186.92006,-213.61116,1165.9464
179.11118,-220.19995,1165.9464
182.32915,-235.48141,1162.4563
193.69266,-250.1576,1157.5424
183.12343,-246.53853,1160.0365
187.04416,-243.57733,1160.0365
190.91702,-240.5538,1160.0365
185.89966,-226.68748,1163.6383
191.79695,-233.8787,1161.2556
174.06978,-212.26204,1168.1799
179.34918,-195.29724,1170.3387
182.51434,-198.74384,1169.2688
187.23082,-194.307,1169.2688
170.68771,-288.091,1152.3322
176.41461,-284.62012,1152.3322
185.42995,-278.8305,1152.3322
194.25543,-272.75546,1152.3322
196.92072,-265.11377,1153.6624
188.65146,-253.9809,1157.5424
179.38858,-260.60587,1157.5424
184.6337,-268.22565,1154.9742
179.23299,-271.86417,1154.9742
171.5521,-276.77515,1154.9742
199.356,-257.47192,1154.9742
192.07013,-262.95184,1154.9742
181.26581,-292.44684,1149.6162
188.52078,-304.15173,1145.4045
186.10542,-300.25488,1146.8268
180.06395,-303.9164,1146.8268
173.95045,-307.45642,1146.8268
166.52266,-311.542,1146.8268
160.25938,-314.8097,1146.8268
159.75978,-304.72818,1149.6162
165.82155,-301.47247,1149.6162
173.00792,-297.40662,1149.6162
188.23116,-288.013,1149.6162
195.0881,-283.41327,1149.6162
200.71658,-279.45535,1149.6162
197.9627,-292.57306,1146.8268
194.43791,-294.9273,1146.8268
190.88513,-297.23907,1146.8268
203.77377,-288.55585,1146.8268
209.50333,-284.42322,1146.8268
214.93799,-291.80133,1143.964
210.24219,-295.2026,1143.964
201.8958,-300.9725,1143.964
194.61554,-305.73053,1143.964
184.73492,-311.8002,1143.964
174.66518,-317.5507,1143.964
166.99495,-321.6505,1143.964
161.82777,-324.28094,1143.964
157.92513,-326.19937,1143.964
159.91791,-330.31552,1142.5051
194.63786,-337.6896,1134.9369
194.63786,-337.6896,1134.9369
214.53542,-325.41162,1134.9369
224.83627,-318.3816,1134.9369
241.07957,-306.2659,1134.9369
256.67126,-293.32242,1134.9369
271.56915,-279.58606,1134.9369
267.06152,-283.8949,1134.9369
262.48557,-288.13104,1134.9369
249.55879,-299.39703,1134.9369
231.15804,-313.8218,1134.9369
234.9069,-311.0256,1134.9369
226.68169,-300.1351,1139.5325
220.63449,-304.6081,1139.5325
215.73308,-308.09885,1139.5325
208.27783,-313.18683,1139.5325
199.42876,-318.89468,1139.5325
189.12453,-325.11163,1139.5325
178.62666,-330.99573,1139.5325
177.30136,-331.70752,1139.5325
170.63268,-335.18674,1139.5325
163.89575,-338.5319,1139.5325
154.35455,-342.98737,1139.5325
229.11577,-274.87143,1145.4045
239.92368,-265.49008,1145.4045
250.68376,-286.47992,1138.0189
235.4558,-299.1215,1138.0189
243.7372,-292.41284,1138.0189
234.97568,-281.90158,1142.5051
224.67793,-290.17566,1142.5051
219.07484,-282.93915,1145.4045
266.24182,-259.17282,1141.028
255.66548,-269.61157,1141.028
249.12227,-275.66888,1141.028
256.64017,-255.89485,1143.964
269.036,-249.60307,1142.5051
279.06754,-258.91,1138.0189
285.733,-265.094,1134.9369
280.3747,-270.75485,1134.9369
273.83426,-264.4388,1138.0189
265.2341,-273.06403,1138.0189
259.72055,-278.31335,1138.0189
318.42865,-208.60562,1138.0189
337.40326,-221.03607,1130.1779
332.91568,-227.73898,1130.1779
318.66153,-247.29076,1130.1779
304.32205,-264.7376,1130.1779
280.32956,-243.86592,1141.028
269.97867,-234.8614,1145.4045
294.0677,-255.81706,1134.9369
287.20782,-249.84949,1138.0189
296.01373,-239.35114,1138.0189
303.5196,-229.75848,1138.0189
311.5919,-218.68607,1138.0189
304.12964,-213.44882,1141.028
298.0351,-221.87906,1141.028
290.78415,-231.30031,1141.028
287.98788,-234.7727,1141.028
280.90326,-228.99721,1143.964
305.61774,-249.14488,1133.3687
316.28003,-235.46191,1133.3687
325.44235,-222.62668,1133.3687
334.08414,-209.43536,1133.3687
322.5365,-202.19623,1138.0189
307.06766,-192.4989,1143.964
301.53333,-184.0268,1146.8268
314.81216,-197.35388,1141.028
309.9858,-204.85127,1141.028
359.93097,-227.64903,1121.8849
357.17352,-231.95139,1121.8849
353.41702,-237.63583,1121.8849
349.6347,-227.05562,1125.2561
340.27594,-240.85466,1125.2561
354.9278,-251.22557,1118.4418
361.82156,-241.19116,1118.4418
367.505,-232.43945,1118.4418
378.82172,-239.59705,1113.143
368.9381,-254.55313,1113.143
361.66748,-264.78156,1113.143
373.95468,-247.12451,1113.143
365.84152,-288.62213,1105.8287
374.8879,-276.77032,1105.8287
385.65515,-261.55853,1105.8287
378.32095,-256.58435,1109.5214
370.98978,-267.07462,1109.5214
364.47424,-275.89996,1109.5214
378.58197,-286.57925,1102.0653
369.21985,-298.54422,1102.0653
356.98685,-313.06924,1102.0653
344.1828,-327.09348,1102.0653
332.18787,-339.2686,1102.0653
325.337,-345.8436,1102.0653
314.10617,-356.0748,1102.0653
363.176,-305.8679,1102.0653
349.37167,-321.54532,1102.0653
352.38303,-262.33963,1116.6934
344.9009,-272.10153,1116.6934
333.7447,-285.67526,1116.6934
340.50363,-277.58447,1116.6934
319.6339,-260.57114,1126.9148
330.09253,-269.09717,1121.8849
289.0286,-281.35455,1130.1779
283.34448,-287.07806,1130.1779
277.54706,-292.68674,1130.1779
283.75974,-299.2383,1126.9148
289.95422,-305.77072,1123.5795
296.13016,-312.28354,1120.1722
303.53842,-305.0877,1120.1722
311.96017,-296.47076,1120.1722
320.13742,-287.62146,1120.1722
310.11496,-278.61694,1125.2561
303.33997,-285.97824,1125.2561
296.3903,-293.17484,1125.2561
295.69672,-274.338,1130.1779
201.637,-328.2375,1136.487
206.38968,-335.9742,1133.3687
200.9883,-339.23306,1133.3687
200.54631,-344.74606,1131.7823
190.81677,-350.22513,1131.7823
199.45616,-366.08185,1125.2561
192.9813,-354.19788,1130.1779
197.30103,-362.1263,1126.9148
203.06914,-358.92352,1126.9148
178.66383,-361.63123,1130.1779
186.65063,-377.7972,1123.5795
189.38777,-361.24103,1128.5553
179.20085,-366.40125,1128.5553
183.16191,-374.50018,1125.2561
180.28638,-350.6739,1133.3687
315.55402,-366.48798,1098.2314
306.6689,-373.95447,1098.2314
296.08014,-382.39288,1098.2314
294.5483,-383.57407,1098.2314
283.69498,-391.66943,1098.2314
274.2148,-398.36417,1098.2314
289.08,-419.95947,1086.3088
302.36743,-410.4962,1086.3088
294.6144,-399.97064,1092.3488
283.30206,-408.06143,1092.3488
276.73755,-412.5415,1092.3488
288.17792,-404.63272,1092.3488
295.76154,-415.28098,1086.3088
298.32568,-391.72675,1094.3271
297.91367,-375.36868,1100.1572
270.2372,-406.35498,1096.2881
312.4991,-413.7606,1082.1952
302.48056,-421.14017,1082.1952
293.9984,-427.10474,1082.1952
315.1918,-427.90662,1075.895
306.57184,-434.12402,1075.895
296.0663,-441.3555,1075.895
310.07687,-420.9626,1080.1124
296.45062,-430.66714,1080.1124
287.77917,-436.50922,1080.1124
280.6241,-425.65628,1086.3088
266.1938,-403.76804,1098.2314
256.48785,-389.0459,1105.8287
246.71626,-374.22415,1113.143
239.346,-363.04477,1118.4418
229.4655,-348.05783,1125.2561
240.07158,-351.767,1121.8849
248.44345,-345.90494,1121.8849
258.02945,-338.81436,1121.8849
259.38254,-337.77963,1121.8849
245.66525,-319.91635,1130.1779
236.61314,-326.6682,1130.1779
226.04118,-334.0708,1130.1779
236.1459,-349.00473,1123.5795
248.55347,-340.27982,1123.5795
255.3084,-335.2414,1123.5795
229.9222,-336.89554,1128.5553
239.1192,-341.4977,1125.2561
253.90778,-330.65015,1125.2561
284.17587,-358.05914,1109.5214
292.68597,-351.13696,1109.5214
298.26608,-346.4096,1109.5214
283.72784,-329.52472,1118.4418
277.08154,-335.13257,1118.4418
267.59113,-342.75793,1118.4418
273.08884,-349.8,1114.9271
273.08884,-349.8,1114.9271
278.65005,-345.3863,1114.9271
288.2097,-337.45032,1114.9271
288.96332,-324.94342,1118.4418
147.84903,-350.7902,1138.0189
153.1424,-363.3494,1133.3687
161.9153,-384.16418,1125.2561
170.62343,-404.82532,1116.6934
150.86595,-378.9489,1128.5553
138.66531,-383.58148,1128.5553
127.87287,-387.31296,1128.5553
113.85078,-391.66415,1128.5553
101.2623,-395.10602,1128.5553
103.99084,-380.34363,1133.3687
97.99203,-358.40314,1141.028
91.95401,-336.31924,1148.2307
95.58138,-349.58627,1143.964
105.33035,-346.77353,1143.964
120.48043,-341.80524,1143.964
107.98407,-331.52017,1148.2307
120.71414,-370.60257,1134.9369
129.57236,-367.5992,1134.9369
125.03541,-354.72778,1139.5325
115.07468,-353.28894,1141.028
105.139496,-356.3719,1141.028
107.71924,-365.11594,1138.0189
95.98322,-368.37524,1138.0189
93.74303,-378.3258,1134.9369
95.92381,-387.12695,1131.7823
83.48966,-389.99762,1131.7823
80.590675,-399.83493,1128.5553
85.0342,-421.8806,1120.1722
91.15909,-402.18552,1126.9148
144.55267,-371.71655,1131.7823
79.953735,-413.73492,1123.5795
72.57897,-401.36655,1128.5553
74.183266,-410.23837,1125.2561
62.669846,-412.15433,1125.2561
64.69525,-425.47458,1120.1722
57.88016,-426.4551,1120.1722
53.855965,-435.9993,1116.6934
55.494892,-449.26752,1111.3411
43.378235,-437.1661,1116.6934
44.698307,-450.46982,1111.3411
46.448353,-468.10678,1103.9559
33.325825,-469.22363,1103.9559
37.85373,-455.5539,1109.5214
38.587566,-464.38535,1105.8287
37.11747,-446.69333,1113.143
49.34067,-427.52728,1120.1722
103.28378,-431.5901,1114.9271
100.77459,-413.786,1121.8849
110.67476,-411.24866,1121.8849
120.5112,-408.4745,1121.8849
131.89893,-404.9408,1121.8849
138.82156,-426.19388,1113.143
128.55466,-429.40228,1113.143
116.48345,-432.8328,1113.143
113.00369,-419.9026,1118.4418
97.81835,-423.6975,1118.4418
79.08837,-427.5898,1118.4418
80.71326,-436.37476,1114.9271
66.711334,-438.73358,1114.9271
321.18216,-428.81284,1073.7605
328.88373,-439.09525,1067.2539
339.07858,-452.7065,1058.3395
349.1866,-466.2018,1049.1542
359.20526,-479.5778,1039.7003
374.05997,-499.41043,1025.0211
383.84396,-512.47314,1014.90643
391.1176,-522.1842,1007.1497
410.23578,-547.70905,985.7593
419.63852,-560.26276,974.68414
428.93384,-572.673,963.35944
438.11935,-584.93665,951.7881
449.44327,-600.05524,936.98157
458.3731,-611.97754,924.8662
470.51932,-602.689,924.8662
482.47733,-593.1594,924.8662
494.2424,-583.3926,924.8662
503.51236,-575.41095,924.8662
514.9183,-565.22705,924.8662
528.3332,-552.7083,924.8662
537.10785,-544.18524,924.8662
529.2728,-536.24695,933.9751
518.7077,-525.5426,945.9108
508.00974,-514.7037,957.60443
497.1818,-503.73306,969.0528
483.4681,-489.83868,983.01404
472.3577,-478.58188,993.9002
463.94534,-470.05865,1001.89795
452.62518,-458.58936,1012.33704
434.97305,-458.70007,1019.9964
425.71335,-467.3066,1019.9964
418.18283,-474.05743,1019.9964
410.54526,-480.68692,1019.9964
402.8026,-487.19336,1019.9964
394.95688,-493.57513,1019.9964
389.0061,-498.2786,1019.9964
380.9848,-504.43823,1019.9964
379.48853,-490.11633,1027.5089
371.91226,-480.33145,1034.8733
361.72757,-467.17776,1044.4607
354.0281,-457.23376,1051.4758
343.68304,-443.87292,1060.5936
348.86676,-450.56778,1056.0685
357.80707,-443.5013,1056.0685
363.1007,-450.06274,1051.4758
370.99747,-459.8508,1044.4607
378.84082,-469.5726,1037.2952
384.03946,-476.0163,1032.435
364.69812,-490.99197,1032.435
357.28424,-481.01068,1039.7003
364.9338,-475.23325,1039.7003
351.48697,-485.2631,1039.7003
344.14273,-475.12363,1046.8158
339.21896,-468.32587,1051.4758
331.79272,-458.07324,1058.3395
321.81693,-444.30063,1067.2539
314.66776,-449.39224,1067.2539
309.2529,-453.13553,1067.2539
303.79355,-456.81357,1067.2539
310.8638,-467.4451,1060.5936
296.67953,-446.11624,1073.7605
280.43176,-456.50464,1073.7605
289.50455,-450.80548,1073.7605
288.62033,-461.51562,1069.4398
295.9668,-456.83917,1069.4398
305.04312,-450.8293,1069.4398
315.77335,-443.37967,1069.4398
324.57657,-436.97644,1069.4398
308.63968,-448.37476,1069.4398
321.37787,-455.09024,1062.8307
328.61734,-449.89053,1062.8307
335.7727,-444.5757,1062.8307
314.0561,-460.17346,1062.8307
395.9355,-528.6166,1001.89795
400.728,-535.0151,996.58203
405.49487,-541.37946,991.2024
471.2806,-485.19315,991.2024
467.3843,-488.94754,991.2024
463.4581,-492.67072,991.2024
459.50223,-496.3623,991.2024
453.5134,-501.84003,991.2024
449.4845,-505.4518,991.2024
445.42685,-509.0312,991.2024
441.34067,-512.57806,991.2024
433.08386,-519.57306,991.2024
426.81842,-524.7322,991.2024
418.36908,-531.4933,991.2024
409.8126,-538.1184,991.2024
402.57642,-528.6167,999.24805
395.28223,-519.0388,1007.1497
387.93115,-509.38623,1014.90643
394.0153,-504.69485,1014.90643
404.02896,-496.71472,1014.90643
409.95987,-491.8311,1014.90643
415.8318,-486.87662,1014.90643
423.5677,-480.1618,1014.90643
429.29858,-475.0449,1014.90643
436.84348,-468.11612,1014.90643
433.54752,-487.53043,1007.1497
425.69244,-494.40402,1007.1497
415.7206,-502.81778,1007.1497
407.62326,-509.40424,1007.1497
401.48166,-514.25854,1007.1497
402.57602,-503.09674,1012.33704
411.14816,-501.35727,1009.75146
419.11636,-494.71548,1009.75146
425.0222,-489.651,1009.75146
432.8013,-482.78873,1009.75146
442.36917,-474.03738,1009.75146
449.8963,-466.89963,1009.75146
436.64944,-479.3112,1009.75146
420.20422,-461.25925,1025.0211
412.77115,-467.9227,1025.0211
405.23242,-474.46637,1025.0211
399.5102,-479.29453,1025.0211
391.79123,-485.62463,1025.0211
383.97202,-491.8304,1025.0211
425.70856,-456.18405,1025.0211
420.10007,-450.17407,1029.9802
416.48557,-453.5202,1029.9802
409.17676,-460.12515,1029.9802
401.76324,-466.61237,1029.9802
394.24686,-472.9801,1029.9802
386.6296,-479.22678,1029.9802
410.89862,-447.43646,1034.8733
405.5003,-452.33453,1034.8733
398.21188,-458.76395,1034.8733
392.6786,-463.50897,1034.8733
388.95825,-466.6353,1034.8733
401.7422,-444.55206,1039.7003
396.37915,-449.3405,1039.7003
390.95905,-454.06427,1039.7003
383.6448,-460.26074,1039.7003
394.3958,-439.9475,1044.4607
387.307,-446.20084,1044.4607
380.11905,-452.33994,1044.4607
381.8172,-439.87625,1049.1542
376.5117,-444.4259,1049.1542
367.5491,-451.86627,1049.1542
362.1008,-456.2439,1049.1542
389.97964,-421.26282,1053.7805
384.89694,-425.91177,1053.7805
378.03387,-432.0149,1053.7805
380.9075,-418.12314,1058.3395
387.1129,-418.1661,1056.0685
397.03577,-408.75653,1056.0685
391.13632,-402.68295,1060.5936
385.21188,-396.58362,1065.0508
379.26273,-390.45883,1069.4398
373.28937,-384.3091,1073.7605
367.29205,-378.1348,1078.0123
364.2555,-381.0608,1078.0123
370.20322,-387.2829,1073.7605
379.08023,-396.56946,1067.2539
384.96796,-402.72882,1062.8307
390.83112,-408.8625,1058.3395
385.8971,-413.52258,1058.3395
377.2043,-404.2075,1065.0508
368.45718,-394.83417,1071.6088
362.59622,-388.55365,1075.895
371.3788,-397.96497,1069.4398
380.10797,-407.31903,1062.8307
392.94443,-394.95004,1062.8307
386.93472,-388.90964,1067.2539
380.9002,-382.8443,1071.6088
374.8413,-376.75452,1075.895
363.69308,-399.2268,1071.6088
371.6038,-391.8741,1071.6088
388.52295,-381.24567,1069.4398
389.94272,-391.93298,1065.0508
393.06546,-388.80118,1065.0508
372.68732,-402.5833,1067.2539
388.80554,-433.71155,1049.1542
444.20047,-499.50983,996.58203
436.15237,-506.5523,996.58203
427.99265,-513.4651,996.58203
421.80084,-518.56354,996.58203
411.34668,-526.8947,996.58203
417.6392,-521.9211,996.58203
415.14517,-518.8043,999.24805
408.89023,-523.7482,999.24805
410.13718,-512.54584,1004.5319
403.9577,-517.4301,1004.5319
399.80566,-520.64496,1004.5319
418.28445,-505.9188,1004.5319
414.22406,-509.24863,1004.5319
424.3248,-500.86343,1004.5319
432.2834,-494.01093,1004.5319
438.1798,-488.78845,1004.5319
445.94345,-481.71585,1004.5319
451.69138,-476.33035,1004.5319
455.48724,-472.7019,1004.5319
452.53223,-481.05615,1001.89795
446.72757,-486.45135,1001.89795
440.85852,-491.77655,1001.89795
432.9346,-498.76657,1001.89795
426.91882,-503.92532,1001.89795
418.8023,-510.69077,1001.89795
461.04898,-478.47385,999.24805
455.27466,-483.97147,999.24805
449.4348,-489.39938,999.24805
452.13486,-492.3395,996.58203
446.11713,-459.28683,1014.90643
432.2062,-466.87665,1017.4596
499.6272,-490.26883,974.68414
491.24274,-482.0414,983.01404
482.78757,-473.74463,991.2024
474.26285,-465.37958,999.24805
479.86115,-482.31033,988.4887
475.2357,-470.07996,996.58203
488.19302,-490.68475,980.25305
496.4546,-498.98853,971.8762
493.7086,-496.2285,974.68414
501.9226,-504.48444,966.2138
505.94208,-500.45325,966.2138
500.4303,-495.00125,971.8762
506.33368,-488.961,971.8762
511.9105,-494.34647,966.2138
520.21423,-502.3653,957.60443
528.4431,-510.31183,948.85706
533.8868,-515.5687,942.94946
527.6622,-521.9377,942.94946
519.5793,-513.9425,951.7881
514.14905,-508.57114,957.60443
511.4216,-505.8733,960.4896
530.33966,-524.5861,939.9731
526.12634,-528.8117,939.9731
517.599,-537.1611,939.9731
511.1164,-543.333,939.9731
502.35867,-551.44037,939.9731
500.14905,-553.44525,939.9731
491.23096,-561.37585,939.9731
482.1871,-569.1628,939.9731
473.01984,-576.8041,939.9731
463.7315,-584.2977,939.9731
449.67267,-590.45807,942.94946
451.95444,-593.45416,939.9731
458.75607,-602.3853,930.9537
468.33444,-594.969,930.9537
466.0273,-592.038,933.9751
459.0614,-583.1886,942.94946
454.38065,-577.2422,948.85706
447.30508,-568.2534,957.60443
437.77103,-556.1414,969.0528
432.96176,-550.0318,974.68414
425.69604,-540.80145,983.01404
420.8181,-534.60455,988.4887
416.5282,-537.95374,988.4887
421.35638,-544.18945,983.01404
428.54803,-553.4776,974.68414
435.67795,-562.68604,966.2138
445.08676,-574.83765,954.70386
452.0687,-583.855,945.9108
435.8325,-572.2847,960.4896
428.81775,-563.0738,969.0528
428.81775,-563.0738,969.0528
421.74118,-553.7817,977.47644
416.98972,-547.5426,983.01404
414.60394,-544.4099,985.7593
440.24625,-523.89105,985.7593
436.04138,-527.39594,985.7593
429.68185,-532.58997,985.7593
437.07864,-541.7583,977.47644
446.84296,-553.86115,966.2138
454.09125,-562.8454,957.60443
463.65375,-574.6981,945.9108
472.7885,-567.2069,945.9108
484.03656,-557.6391,945.9108
492.8958,-549.824,945.9108
501.62888,-541.8682,945.9108
510.23358,-533.7737,945.9108
509.19794,-524.2298,951.7881
503.8762,-518.751,957.60443
495.83322,-510.47058,966.2138
493.13635,-507.69406,969.0528
487.71884,-502.11667,974.68414
479.53424,-493.69043,983.01404
473.57602,-499.40875,983.01404
463.49454,-508.7791,983.01404
455.2957,-516.1291,983.01404
453.2277,-517.946,983.01404
446.98032,-523.34686,983.01404
438.5505,-530.4308,983.01404
446.0356,-539.4841,974.68414
453.45648,-548.45966,966.2138
463.24924,-560.3041,954.70386
469.9389,-554.70526,954.70386
480.9375,-545.19696,954.70386
491.74374,-535.47046,954.70386
500.24734,-527.535,954.70386
494.9758,-521.9758,960.4896
489.6725,-516.38324,966.2138
484.33792,-510.75772,971.8762
476.27798,-502.2581,980.25305
468.18185,-509.81342,980.25305
466.13898,-511.68192,980.25305
464.08868,-513.54224,980.25305
455.81357,-520.90106,980.25305
447.42178,-528.1266,980.25305
452.4767,-534.0933,974.68414
457.50275,-540.02594,969.0528
457.50275,-540.02594,969.0528
464.98676,-548.85986,960.4896
471.53894,-543.2411,960.4896
480.16946,-535.62775,960.4896
490.7845,-525.91864,960.4896
484.43875,-531.76965,960.4896
481.34866,-524.15106,966.2138
475.02478,-529.8889,966.2138
468.63254,-535.55054,966.2138
466.08362,-532.63763,969.0528
458.3921,-523.8478,977.47644
463.5272,-529.7162,971.8762
469.84982,-524.1162,971.8762
476.1048,-518.44086,971.8762
479.6235,-509.85504,974.68414
473.47134,-515.57324,974.68414
467.25095,-521.2172,974.68414
456.73462,-530.4567,974.68414
484.25226,-494.57428,980.25305
458.18347,-502.94916,988.4887
466.17108,-495.55472,988.4887
452.11572,-508.4106,988.4887
502.6661,-556.23047,936.98157
495.9558,-562.22186,936.98157
489.17407,-568.1323,936.98157
480.0224,-575.88544,936.98157
473.07788,-581.6037,936.98157
475.43918,-584.5067,933.9751
484.72937,-576.82574,933.9751
493.8955,-568.9972,933.9751
500.68726,-563.03,933.9751
509.6306,-554.9479,933.9751
520.6261,-544.6457,933.9751
527.1238,-538.3596,933.9751
525.7725,-550.02954,927.91736
516.90576,-558.3706,927.91736
510.1688,-564.53265,927.91736
503.3583,-570.61346,927.91736
496.47537,-576.6121,927.91736
487.1871,-584.48096,927.91736
477.77414,-592.20026,927.91736
480.13852,-585.4846,930.9537
489.44376,-577.72833,930.9537
523.20355,-547.34204,930.9537
518.8084,-551.5098,930.9537
527.5651,-543.1392,930.9537
534.04425,-536.77,930.9537
535.31104,-551.1138,921.80023
531.19275,-560.1684,918.71954
524.43317,-566.50183,918.71954
515.30304,-574.8192,918.71954
506.04108,-582.9896,918.71954
496.64954,-591.0107,918.71954
487.1309,-598.88055,918.71954
479.90997,-604.68243,918.71954
475.05756,-608.502,918.71954
465.26184,-616.02423,918.71954
465.68314,-606.43353,924.8662
471.8729,-624.77747,909.3894
481.8078,-617.14844,909.3894
489.17816,-611.3229,909.3894
498.8956,-603.4187,909.3894
508.48532,-595.36005,909.3894
517.94495,-587.14905,909.3894
527.2719,-578.7877,909.3894
538.74066,-568.128,909.3894
536.2333,-565.4838,912.51404
529.4095,-571.8773,912.51404
522.5095,-578.1884,912.51404
513.1927,-586.47363,912.51404
503.74454,-594.6087,912.51404
496.57364,-600.6102,912.51404
489.33127,-606.5253,912.51404
482.01846,-612.3531,912.51404
474.6362,-618.09265,912.51404
481.27136,-626.7333,903.0965
488.7568,-620.91345,903.0965
496.17184,-615.0042,903.0965
503.51547,-609.0065,903.0965
515.59326,-598.8158,903.0965
525.10724,-590.4906,903.0965
508.37103,-604.9592,903.0965
536.81036,-579.8719,903.0965
541.43176,-575.5592,903.0965
532.1546,-584.14746,903.0965
541.81744,-594.7544,890.3376
548.9148,-588.2104,890.3376
544.03754,-582.98395,896.7457
537.00323,-589.4698,896.7457
532.2707,-593.7466,896.7457
522.70374,-602.186,896.7457
513.0029,-610.4712,896.7457
500.69263,-620.6077,896.7457
490.69998,-628.53845,896.7457
483.12292,-634.38104,896.7457
489.60806,-642.89655,887.1122
499.83057,-634.98145,887.1122
507.4136,-628.93835,887.1122
517.4105,-620.7402,887.1122
527.275,-612.3832,887.1122
539.4155,-601.7167,887.1122
532.23315,-603.3464,890.3376
522.5126,-611.7839,890.3376
512.6583,-620.0648,890.3376
502.67282,-628.1871,890.3376
492.55865,-636.1485,890.3376
484.89014,-642.0128,890.3376
491.2945,-650.49243,880.6187
501.6383,-642.5494,880.6187
511.85367,-634.44183,880.6187
519.42944,-628.2545,880.6187
529.4139,-619.8642,880.6187
536.8134,-613.4672,880.6187
546.559,-604.80066,880.6187
541.4357,-618.7496,874.0689
533.9724,-625.2016,874.0689
526.4323,-631.56366,874.0689
518.81635,-637.8348,874.0689
508.5458,-646.0532,874.0689
498.14502,-654.1063,874.0689
490.26065,-660.03644,874.0689
496.4798,-668.4093,864.13934
504.4642,-662.40393,864.13934
514.9969,-654.2487,864.13934
522.81006,-648.0222,864.13934
540.7461,-633.13257,864.13934
523.2123,-643.23914,867.4631
530.8927,-636.91486,867.4631
538.49677,-630.49896,867.4631
546.02325,-623.9922,867.4631
483.70255,-673.4534,867.4631
472.8666,-681.1056,867.4631
464.6601,-686.73047,867.4631
461.90964,-688.58344,867.4631
458.02878,-682.7981,874.0689
450.1793,-671.0966,887.1122
442.21454,-659.2233,899.92834
436.16653,-650.2074,909.3894
428.005,-638.0407,921.80023
425.94742,-634.9734,924.8662
419.73392,-625.71075,933.9751
411.35535,-613.2206,945.9108
405.0022,-603.7497,954.70386
398.5907,-594.1919,963.35944
389.95297,-581.3153,974.68414
381.21536,-568.2899,985.7593
372.38016,-555.119,996.58203
363.44965,-541.80597,1007.1497
352.15588,-524.97003,1019.9964
343.01926,-511.34973,1029.9802
336.109,-501.04843,1037.2952
326.82025,-487.20135,1046.8158
324.4849,-483.71997,1049.1542
319.7986,-476.734,1053.7805
327.38458,-471.55682,1053.7805
322.5662,-464.61655,1058.3395
329.78592,-475.01566,1051.4758
336.95816,-485.34637,1044.4607
344.08188,-495.60718,1037.2952
353.5029,-509.17703,1027.5089
362.83337,-522.61646,1017.4596
369.77048,-532.6084,1009.75146
369.77048,-532.6084,1009.75146
378.9369,-545.8115,999.24805
388.00626,-558.8748,988.4887
390.25818,-562.1184,985.7593
399.20306,-575.00244,974.68414
405.84476,-584.569,966.2138
416.7839,-600.32544,951.7881
425.4154,-612.75806,939.9731
433.93796,-625.03375,927.91736
442.34946,-637.1495,915.62415
450.64767,-649.102,903.0965
452.7043,-652.06433,899.92834
454.75366,-655.0162,896.7457
460.858,-663.8087,887.1122
468.89368,-675.3831,874.0689
464.8907,-669.6173,880.6187
475.54385,-662.0942,880.6187
486.07526,-654.4016,880.6187
481.8588,-648.72504,887.1122
481.8588,-648.72504,887.1122
476.65402,-652.55884,887.1122
468.78976,-658.23114,887.1122
472.91217,-642.02893,896.7457
462.58035,-649.5125,896.7457
470.78098,-639.1356,899.92834
465.65326,-642.88116,899.92834
461.41495,-637.0297,906.2502
455.00223,-628.17633,915.62415
448.52396,-619.2324,924.8662
441.9811,-610.19934,933.9751
433.15848,-598.0188,945.9108
424.2249,-585.6851,957.60443
415.1828,-573.2016,969.0528
410.62167,-566.9045,974.68414
403.73087,-557.39105,983.01404
392.11746,-541.3576,996.58203
377.9748,-521.8322,1012.33704
370.82126,-511.956,1019.9964
363.61435,-502.00616,1027.5089
358.78052,-495.33258,1032.435
352.8113,-499.60187,1032.435
362.29514,-513.03156,1022.51697
371.68622,-526.3299,1012.33704
378.66718,-536.21533,1004.5319
389.77585,-538.1247,999.24805
382.7136,-528.3746,1007.1497
403.78995,-571.79065,974.68414
399.2789,-565.4028,980.25305
392.4645,-555.7532,988.4887
423.76566,-600.0775,948.85706
414.11127,-606.78015,948.85706
461.27414,-571.7486,948.85706
412.42798,-594.05133,957.60443
443.1922,-627.5867,921.80023
451.64334,-639.55396,909.3894
443.54715,-666.9607,893.5488
451.51794,-661.59064,893.5488
439.29968,-643.68774,912.51404
435.17035,-637.6372,918.71954
360.93262,-528.8597,1014.90643
348.1382,-537.3683,1014.90643
337.32272,-544.22266,1014.90643
324.16644,-552.16034,1014.90643
313.05997,-558.53235,1014.90643
301.82825,-564.681,1014.90643
309.44446,-578.92993,1004.5319
318.6667,-573.9053,1004.5319
332.09732,-570.88684,1001.89795
343.44705,-564.13165,1001.89795
354.65945,-557.1509,1001.89795
348.1776,-546.96826,1009.75146
339.38257,-552.46844,1009.75146
334.95233,-555.1656,1009.75146
317.0199,-565.59735,1009.75146
317.0199,-565.59735,1009.75146
309.08,-551.4317,1019.9964
303.07303,-540.71466,1027.5089
296.56326,-544.31226,1027.5089
287.81732,-548.98706,1027.5089
289.03394,-562.1981,1019.9964
300.21854,-556.3058,1019.9964
320.0453,-545.1406,1019.9964
333.0343,-537.3039,1019.9964
330.88208,-533.8316,1022.51697
324.39374,-523.36365,1029.9802
318.09064,-527.21826,1029.9802
311.74173,-530.997,1029.9802
311.45532,-545.3941,1022.51697
320.21655,-530.7419,1027.5089
332.86002,-522.90515,1027.5089
321.75836,-505.46503,1039.7003
315.6702,-509.28937,1039.7003
301.28928,-517.9267,1039.7003
295.05307,-521.5046,1039.7003
292.96484,-522.68054,1039.7003
292.96484,-522.68054,1039.7003
280.33826,-529.56,1039.7003
271.83038,-533.9771,1039.7003
268.3926,-516.9534,1049.1542
264.5927,-504.68805,1056.0685
258.68918,-493.42758,1062.8307
254.7338,-495.4811,1062.8307
272.40463,-519.5887,1046.8158
276.55228,-517.393,1046.8158
272.59555,-509.99048,1051.4758
272.59555,-509.99048,1051.4758
272.59555,-509.99048,1051.4758
276.55228,-517.393,1046.8158
284.79422,-512.9024,1046.8158
290.92798,-509.44833,1046.8158
294.9939,-507.10477,1046.8158
288.65607,-496.2098,1053.7805
284.40768,-488.90668,1058.3395
282.27664,-485.24335,1060.5936
282.27664,-485.24335,1060.5936
278.386,-487.48587,1060.5936
270.55145,-491.87714,1060.5936
278.69522,-506.68292,1051.4758
278.69522,-506.68292,1051.4758
305.22968,-505.9019,1044.4607
305.22968,-505.9019,1044.4607
313.0533,-496.15955,1046.8158
361.2049,-562.4545,996.58203
367.64124,-572.477,988.4887
376.14047,-585.7117,977.47644
382.45187,-595.5395,969.0528
392.84793,-611.7279,954.70386
401.05185,-624.50275,942.94946
411.1621,-640.24603,927.91736
417.14963,-649.5695,918.71954
425.03934,-661.8551,906.2502
430.88528,-670.95825,896.7457
436.66922,-679.9647,887.1122
444.28314,-691.82086,874.0689
449.91907,-700.59686,864.13934
457.33264,-712.14105,850.7067
464.6292,-723.5029,837.0563
452.995,-730.8436,837.0563
447.13425,-734.4439,837.0563
435.32727,-741.5032,837.0563
423.4089,-748.37274,837.0563
408.35886,-756.6901,837.0563
399.25006,-761.53546,837.0563
406.5466,-746.17566,847.3144
397.56412,-751.00006,847.3144
388.52435,-755.71625,847.3144
415.47058,-741.2439,847.3144
427.27597,-734.5022,847.3144
436.05835,-729.3226,847.3144
444.77798,-724.03784,847.3144
462.02396,-713.1565,847.3144
473.37396,-705.67365,847.3144
481.8072,-699.94293,847.3144
476.0072,-691.5171,857.4505
467.6755,-697.17883,857.4505
462.0836,-700.8976,857.4505
471.43008,-715.0746,840.4891
479.97626,-709.3665,840.4891
488.45328,-703.5563,840.4891
474.05038,-725.34576,830.1504
482.71957,-719.60547,830.1504
491.3193,-713.7616,830.1504
473.27692,-717.87585,837.0563
481.85657,-712.14545,837.0563
447.9752,-709.9978,857.4505
439.42377,-715.3219,857.4505
430.8091,-720.54297,857.4505
419.22662,-727.3429,857.4505
413.39496,-730.6732,857.4505
404.59796,-735.5809,857.4505
395.7427,-740.3826,857.4505
386.8305,-745.07776,857.4505
509.32547,-721.2353,812.6544
500.6348,-727.2947,812.6544
491.87204,-733.2493,812.6544
487.13135,-732.4981,816.1799
485.3195,-729.7737,819.69226
483.49988,-727.03754,823.19147
477.66858,-730.88196,823.19147
489.30023,-723.1466,823.19147
497.94193,-717.2235,823.19147
495.06927,-719.20935,823.19147
492.97525,-728.578,816.1799
498.7876,-724.6112,816.1799
501.68182,-722.61035,816.1799
505.38962,-727.951,809.11597
482.2879,-682.9485,860.8018
490.44775,-677.1124,860.8018
501.2175,-669.17944,860.8018
453.61417,-694.0763,867.4631
449.803,-688.2448,874.0689
444.0323,-679.415,883.8725
440.14957,-673.47406,890.3376
436.2387,-667.49,896.7457
430.3201,-658.43396,906.2502
424.3395,-649.283,915.62415
418.29782,-640.0386,924.8662
414.2365,-633.8244,930.9537
410.14868,-627.56964,936.98157
403.9678,-618.11224,945.9108
397.72876,-608.56586,954.70386
391.4324,-598.93176,963.35944
387.20352,-592.4611,969.0528
382.9498,-585.9525,974.68414
376.52335,-576.1194,983.01404
370.0427,-566.20337,991.2024
379.0536,-560.2109,991.2024
396.78195,-547.79736,991.2024
408.13663,-793.86395,802.0003
417.6327,-788.90967,802.0003
430.20032,-782.1273,802.0003
442.6579,-775.14484,802.0003
447.39865,-783.44653,791.2307
452.075,-791.6353,780.34717
447.39865,-783.44653,791.2307
437.966,-788.75836,791.2307
428.47028,-793.95667,791.2307
418.9129,-799.04065,791.2307
409.29517,-804.00964,791.2307
414.98605,-815.1887,776.6943
431.2046,-806.7271,776.6943
437.64407,-803.25195,776.6943
437.64407,-803.25195,776.6943
424.73752,-810.15063,776.6943
411.72223,-816.842,776.6943
415.88776,-825.10626,765.66125
399.61853,-808.8628,791.2307
386.62704,-815.15247,791.2307
394.6531,-832.0743,769.35126
404.6086,-827.279,769.35126
390.76727,-798.97845,805.5646
368.24728,-809.60455,805.5646
373.80014,-796.3189,816.1799
392.80096,-787.11993,816.1799
411.57553,-777.4677,816.1799
423.9609,-770.78375,816.1799
436.2378,-763.9025,816.1799
484.4717,-761.0789,791.2307
487.8554,-766.39453,783.9876
492.87234,-774.2759,773.02893
497.8183,-782.0457,761.959
502.69254,-789.7028,750.7793
507.49442,-797.2464,739.49146
497.89185,-803.2783,739.49146
488.2176,-809.19464,739.49146
478.47305,-814.9944,739.49146
471.93832,-818.7958,739.49146
467.47287,-811.0484,750.7793
462.94012,-803.18427,761.959
459.88123,-797.87714,769.35126
469.4217,-792.30164,769.35126
474.09393,-800.18756,758.24457
478.6979,-807.95825,747.0286
493.1808,-795.67773,750.7793
486.80014,-799.5974,750.7793
488.3988,-787.96265,761.959
478.909,-793.7661,761.959
486.78912,-785.3657,765.66125
516.7167,-776.98553,754.5179
505.49457,-773.45856,765.66125
507.16608,-776.0162,761.959
512.13184,-783.6143,750.7793
517.0239,-791.0997,739.49146
521.8415,-798.471,728.09717
505.76996,-808.7467,728.09717
499.2843,-812.76666,728.09717
496.0295,-814.75714,728.09717
496.0295,-814.75714,728.09717
496.0295,-814.75714,728.09717
473.02655,-828.32385,728.09717
486.21765,-820.65027,728.09717
479.63745,-824.5134,728.09717
466.38535,-832.08124,728.09717
466.38535,-832.08124,728.09717
462.07974,-824.3996,739.49146
457.70758,-816.5992,750.7793
453.26953,-808.6812,761.959
202.25941,-374.7873,1121.8849
193.2078,-379.53278,1121.8849
184.04492,-384.0597,1121.8849
174.77603,-388.36542,1121.8849
173.2213,-389.06137,1121.8849
171.66379,-389.7511,1121.8849
160.68568,-394.40396,1121.8849
151.17532,-398.1462,1121.8849
143.18327,-401.0897,1121.8849
147.69926,-413.74002,1116.6934
152.19402,-426.33084,1111.3411
158.99504,-423.84146,1111.3411
152.7293,-407.13855,1118.4418
99.26432,-446.21616,1109.5214
163.2541,-358.91986,1133.3687
168.87347,-371.27423,1128.5553
93.90309,-447.3751,1109.5214
84.938065,-449.16342,1109.5214
72.33075,-451.36517,1109.5214
65.10049,-452.46457,1109.5214
62.56397,-434.83517,1116.6934
66.991974,-465.61087,1103.9559
87.95982,-475.5532,1098.2314
86.359,-466.89835,1102.0653
438.18097,-843.9844,731.907
431.34845,-830.8242,750.7793
427.166,-822.7683,761.959
443.53366,-814.0617,761.959
436.05908,-831.74554,747.0286
440.19016,-839.62524,735.70514
450.233,-834.283,735.70514
444.5849,-823.8171,750.7793
443.97266,-763.2044,812.6544
431.70596,-770.20953,812.6544
422.4333,-775.33405,812.6544
409.9753,-781.993,812.6544
406.84427,-783.62646,812.6544
387.92328,-793.16345,812.6544
384.74774,-794.70874,812.6544
371.98465,-800.76227,812.6544
365.063,-785.8622,830.1504
383.81537,-776.87585,830.1504
399.27396,-769.0452,830.1504
414.57288,-760.9071,830.1504
429.70602,-752.46466,830.1504
541.7302,-767.1223,747.0286
559.982,-753.9021,747.0286
574.946,-742.5532,747.0286
589.68,-730.9074,747.0286
604.1782,-718.9693,747.0286
608.8424,-707.11646,754.5179
602.8907,-700.2041,765.66125
596.8522,-693.19086,776.6943
590.72766,-686.0778,787.6154
585.22064,-690.78125,787.6154
593.2916,-700.30804,773.02893
584.846,-707.37646,773.02893
576.8899,-697.7535,787.6154
590.7149,-714.4749,761.959
599.24524,-707.3356,761.959
573.40027,-728.444,761.959
564.6185,-735.27167,761.959
552.78326,-744.21045,761.959
543.81384,-750.7897,761.959
547.3723,-755.7025,754.5179
531.06854,-778.1529,743.266
550.2401,-779.17285,728.09717
534.54877,-790.0203,728.09717
546.86237,-774.3898,735.70514
537.5312,-780.89575,735.70514
547.3875,-795.2144,712.7419
550.5637,-793.0186,712.7419
528.1479,-808.12054,712.7419
508.60422,-820.5612,712.7419
505.31815,-822.5889,712.7419
502.02402,-824.60345,712.7419
478.74304,-838.3341,712.7419
495.41165,-828.59296,712.7419
524.9115,-810.22644,712.7419
569.43445,-779.579,712.7419
556.8898,-788.5892,712.7419
531.3759,-806.0016,712.7419
541.0088,-799.5677,712.7419
571.28827,-788.7209,701.1055
564.96075,-793.26556,701.1055
558.59705,-797.7595,701.1055
552.1977,-802.2024,701.1055
545.76294,-806.594,701.1055
539.2933,-810.93384,701.1055
532.78906,-815.2219,701.1055
526.2508,-819.45776,701.1055
522.969,-821.5561,701.1055
516.3804,-825.7132,701.1055
509.75864,-829.8175,701.1055
503.10437,-833.86865,701.1055
496.41788,-837.86646,701.1055
489.69962,-841.81067,701.1055
482.95004,-845.70105,701.1055
472.76782,-851.435,701.1055
469.35855,-853.3191,701.1055
468.00317,-850.8549,704.9956
465.26996,-845.8858,712.7419
462.50696,-840.86255,720.44257
458.307,-833.2268,731.907
457.75757,-840.1682,724.2757
447.64355,-845.60034,724.2757
455.08682,-851.40765,712.7419
444.83817,-856.8068,712.7419
475.90002,-833.3557,720.44257
489.17126,-825.6355,720.44257
499.04272,-819.7066,720.44257
508.84235,-813.6596,720.44257
518.5687,-807.4955,720.44257
528.22034,-801.21515,720.44257
540.9707,-792.6621,720.44257
550.4428,-786.114,720.44257
559.83563,-779.4527,720.44257
565.3485,-742.35016,754.5179
577.1524,-733.2106,754.5179
588.80853,-723.8834,754.5179
597.4519,-716.76624,754.5179
671.6118,-625.6027,773.0193
658.96716,-638.908,773.0193
668.51,-637.86523,765.6516
660.8082,-645.8407,765.6516
653.01135,-653.7231,765.6516
645.1204,-661.5114,765.6516
647.2536,-663.6988,761.9493
655.17065,-655.8847,761.9493
662.9933,-647.97626,761.9493
673.2749,-637.2866,761.9493
665.5797,-645.3193,761.9493
669.93494,-649.54193,754.5082
662.09296,-657.5336,754.5082
656.8119,-662.80884,754.5082
648.8117,-670.6421,754.5082
659.9461,-655.40155,758.23474
654.6822,-660.6597,758.23474
649.37646,-665.8756,758.23474
657.0388,-631.9597,780.33765
655.06055,-677.1012,743.25616
661.2151,-683.4628,731.89703
669.27277,-691.7916,716.5879
675.20374,-697.9221,704.9855
679.1038,-701.9534,697.194
687.47754,-693.75446,697.194
695.75226,-685.45557,697.194
686.28284,-687.0308,704.9855
680.765,-692.49866,704.9855
676.78937,-688.45447,712.7318
670.7447,-682.3056,724.2656
668.70825,-680.2341,728.08716
664.60333,-676.0584,735.6952
677.52527,-683.71136,716.5879
688.3767,-672.7847,716.5879
685.68024,-675.53265,716.5879
693.7365,-667.2566,716.5879
689.58246,-663.2611,724.2656
684.25476,-668.75616,724.2656
680.089,-664.68475,731.89703
681.14215,-655.143,739.4815
675.87964,-660.57074,739.4815
702.5711,-670.365,704.9855
704.60583,-672.30646,701.09534
706.6293,-674.2371,697.194
710.64215,-678.06604,689.35785
714.6095,-681.8515,681.47766
706.3766,-690.3769,681.47766
705.1953,-683.729,689.35785
694.1667,-694.9233,689.35785
691.38165,-697.6942,689.35785
699.70337,-689.3482,689.35785
698.48834,-682.6673,697.194
703.9269,-677.058,697.194
698.04205,-698.8029,681.47766
703.77136,-704.5384,669.5756
709.39923,-710.1724,657.5773
716.7438,-717.52496,641.4329
723.9043,-724.6933,625.1258
729.15314,-729.9479,612.7902
740.7376,-718.18933,612.7902
737.1946,-714.75415,621.0238
733.6044,-711.27325,629.2177
731.7917,-709.51575,633.29956
726.2834,-704.1751,645.4842
720.66986,-698.7325,657.5773
716.86975,-695.04803,665.5868
713.02386,-691.3192,673.5538
707.47095,-697.0008,673.5538
711.2869,-700.7603,665.5868
716.92554,-706.3155,653.5567
722.4606,-711.7686,641.4329
727.8912,-717.11884,629.2177
733.21704,-722.36584,616.9119
741.0855,-707.1139,625.1258
735.6054,-701.885,637.37134
730.0191,-696.55475,649.5256
726.2362,-692.94525,657.5773
720.47473,-687.4479,669.5756
719.2342,-725.8011,629.2177
717.457,-724.0076,633.29956
712.0566,-718.558,645.4842
712.0566,-718.558,645.4842
708.3989,-714.8669,653.5567
702.8274,-709.24445,665.5868
697.1547,-703.52,677.5211
697.1315,-714.84393,665.5868
702.65784,-720.51074,653.5567
708.0827,-726.0735,641.4329
718.6251,-736.8837,616.9119
723.74146,-742.13007,604.51733
714.78467,-750.7607,604.51733
708.7562,-756.45447,604.51733
702.87,-768.44806,596.2058
698.2901,-775.8122,592.0357
701.43616,-779.3075,583.6672
707.64764,-773.6715,583.6672
713.8139,-767.986,583.6672
719.9344,-762.25146,583.6672
710.6123,-764.5415,592.0357
722.7526,-753.07513,592.0357
712.2179,-736.1817,625.1258
717.38196,-741.51953,612.7902
711.42737,-747.23444,612.7902
719.8311,-732.23804,621.0238
682.0803,-808.3831,566.81854
706.07074,-784.45667,571.0445
715.4325,-775.9281,571.0445
727.7544,-764.3832,571.0445
715.39746,-769.6898,579.4688
727.6195,-758.14624,579.4688
706.11053,-778.2184,579.4688
699.86273,-783.84186,579.4688
683.83374,-803.9151,571.0445
674.1384,-812.0625,571.0445
678.46643,-817.276,558.3396
682.69684,-822.37195,545.55426
686.82886,-827.3493,532.6904
690.86206,-832.2077,519.7499
680.82684,-840.4374,519.7499
667.2943,-851.22174,519.7499
661.3111,-850.5743,528.3853
674.8341,-839.8857,528.3853
684.8632,-831.7279,528.3853
698.0816,-820.6649,528.3853
707.8784,-812.22974,528.3853
693.4252,-821.8287,532.6904
703.23627,-813.4492,532.6904
706.4842,-810.62994,532.6904
695.3207,-817.4191,536.987
685.4625,-825.70337,536.987
689.2535,-816.8845,545.55426
697.1808,-812.9947,541.27496
701.35846,-817.8663,528.3853
705.4351,-822.6202,515.4197
708.09644,-825.7236,506.73453
714.679,-820.03284,506.73453
707.392,-831.6102,498.01694
704.78815,-828.54913,506.73453
703.46936,-826.9987,511.08115
700.7979,-823.8582,519.7499
692.8454,-827.837,524.07184
695.51385,-831.0253,515.4197
682.13,-842.04596,515.4197
692.1844,-833.80054,515.4197
696.8314,-832.5996,511.08115
713.8885,-812.5413,519.7499
712.7133,-824.41156,502.37976
706.00055,-816.6468,524.07184
